0.0 0 0 0 0.0 0 0 0 1.0 0 0 0 0 0 6222 222 187 689
0.03141075907812829 0 0 0 -0.0004934396342684 0 0 0 1.1314107590781284 0 0 0 0 0 6222 222 187 689
0.06279051952931337 0 0 0 -0.001973271571728441 0 0 0 1.2627905195293134 0 0 0 0 0 6222 222 187 689
0.09410831331851434 0 0 0 -0.004438035396920004 0 0 0 1.3941083133185144 0 0 0 0 0 6222 222 187 689
0.12533323356430426 0 0 0 -0.007885298685522124 0 0 0 1.5253332335643042 0 0 0 0 0 6222 222 187 689
0.15643446504023087 0 0 0 -0.01231165940486223 0 0 0 1.6564344650402307 0 0 0 0 0 6222 222 187 689
0.18738131458572466 0 0 0 -0.01771274927131128 0 0 0 1.7873813145857247 0 0 0 0 0 6222 222 187 689
0.21814324139654256 0 0 0 -0.024083238061252565 0 0 0 1.9181432413965427 0 0 0 0 0 6222 222 187 689
0.2486898871648548 0 0 0 -0.031416838871368924 0 0 0 2.048689887164855 0 0 0 0 0 6222 222 187 689
0.2789911060392293 0 0 0 -0.039706314323056935 0 0 0 2.1789911060392293 0 0 0 0 0 6222 222 187 689
0.3090169943749474 0 0 0 -0.04894348370484647 0 0 0 2.3090169943749475 0 0 0 0 0 6222 222 187 689
0.3387379202452914 0 0 0 -0.059119231045774545 0 0 0 2.4387379202452912 0 0 0 0 0 6222 222 187 689
0.36812455268467803 0 0 0 -0.07022351411174865 0 0 0 2.568124552684678 0 0 0 0 0 6222 222 187 689
0.3971478906347806 0 0 0 -0.08224537431601886 0 0 0 2.6971478906347808 0 0 0 0 0 6222 222 187 689
0.4257792915650727 0 0 0 -0.09517294753398053 0 0 0 2.825779291565073 0 0 0 0 0 6222 222 187 689
0.45399049973954675 0 0 0 -0.1089934758116321 0 0 0 2.9539904997395467 0 0 0 0 0 6222 222 187 689
0.4817536741017153 0 0 0 -0.12369331995613642 0 0 0 3.0817536741017153 0 0 0 0 0 6222 222 187 689
0.5090414157503713 0 0 0 -0.13925797299605636 0 0 0 3.2090414157503715 0 0 0 0 0 6222 222 187 689
0.5358267949789967 0 0 0 -0.15567207449798492 0 0 0 3.335826794978997 0 0 0 0 0 6222 222 187 689
0.5620833778521306 0 0 0 -0.17291942572543817 0 0 0 3.4620833778521307 0 0 0 0 0 6222 222 187 689
0.5877852522924731 0 0 0 -0.19098300562505255 0 0 0 3.5877852522924734 0 0 0 0 0 6222 222 187 689
0.6129070536529765 0 0 0 -0.2098449876243097 0 0 0 3.7129070536529767 0 0 0 0 0 6222 222 187 689
0.6374239897486897 0 0 0 -0.22948675722421086 0 0 0 3.83742398974869 0 0 0 0 0 6222 222 187 689
0.6613118653236519 0 0 0 -0.24988893036954052 0 0 0 3.961311865323652 0 0 0 0 0 6222 222 187 689
0.6845471059286888 0 0 0 -0.27103137257858856 0 0 0 4.084547105928689 0 0 0 0 0 6222 222 187 689
0.7071067811865475 0 0 0 -0.2928932188134524 0 0 0 4.207106781186548 0 0 0 0 0 6222 222 187 689
0.7289686274214116 0 0 0 -0.3154528940713114 0 0 0 4.328968627421411 0 0 0 0 0 6222 222 187 689
0.7501110696304596 0 0 0 -0.3386881346763482 0 0 0 4.450111069630459 0 0 0 0 0 6222 222 187 689
0.7705132427757893 0 0 0 -0.36257601025131037 0 0 0 4.57051324277579 0 0 0 0 0 6222 222 187 689
0.7901550123756904 0 0 0 -0.3870929463470235 0 0 0 4.6901550123756905 0 0 0 0 0 6222 222 187 689
0.8090169943749475 0 0 0 -0.41221474770752686 0 0 0 4.8090169943749475 0 0 0 0 0 6222 222 187 689
0.8270805742745618 0 0 0 -0.4379166221478694 0 0 0 4.927080574274562 0 0 0 0 0 6222 222 187 689
0.8443279255020151 0 0 0 -0.46417320502100345 0 0 0 5.0443279255020155 0 0 0 0 0 6222 222 187 689
0.8607420270039436 0 0 0 -0.4909585842496288 0 0 0 5.160742027003944 0 0 0 0 0 6222 222 187 689
0.8763066800438637 0 0 0 -0.5182463258982848 0 0 0 5.276306680043864 0 0 0 0 0 6222 222 187 689
0.8910065241883678 0 0 0 -0.5460095002604533 0 0 0 5.391006524188368 0 0 0 0 0 6222 222 187 689
0.9048270524660196 0 0 0 -0.5742207084349273 0 0 0 5.50482705246602 0 0 0 0 0 6222 222 187 689
0.9177546256839811 0 0 0 -0.6028521093652195 0 0 0 5.617754625683982 0 0 0 0 0 6222 222 187 689
0.9297764858882513 0 0 0 -0.6318754473153219 0 0 0 5.729776485888252 0 0 0 0 0 6222 222 187 689
0.9408807689542255 0 0 0 -0.6612620797547085 0 0 0 5.840880768954226 0 0 0 0 0 6222 222 187 689
0.9510565162951535 0 0 0 -0.6909830056250525 0 0 0 5.951056516295154 0 0 0 0 0 6222 222 187 689
0.9602936856769431 0 0 0 -0.7210088939607707 0 0 0 6.060293685676943 0 0 0 0 0 6222 222 187 689
0.9685831611286311 0 0 0 -0.7513101128351453 0 0 0 6.168583161128631 0 0 0 0 0 6222 222 187 689
0.9759167619387473 0 0 0 -0.7818567586034573 0 0 0 6.275916761938747 0 0 0 0 0 6222 222 187 689
0.9822872507286887 0 0 0 -0.8126186854142755 0 0 0 6.382287250728689 0 0 0 0 0 6222 222 187 689
0.9876883405951378 0 0 0 -0.843565534959769 0 0 0 6.487688340595138 0 0 0 0 0 6222 222 187 689
0.9921147013144779 0 0 0 -0.874666766435696 0 0 0 6.592114701314478 0 0 0 0 0 6222 222 187 689
0.99556196460308 0 0 0 -0.9058916866814857 0 0 0 6.69556196460308 0 0 0 0 0 6222 222 187 689
0.9980267284282716 0 0 0 -0.937209480470687 0 0 0 6.7980267284282725 0 0 0 0 0 6222 222 187 689
0.9995065603657316 0 0 0 -0.9685892409218718 0 0 0 6.899506560365732 0 0 0 0 0 6222 222 187 689
1.0 0 0 0 -0.9999999999999999 0 0 0 7.0 0 0 0 0 0 6222 222 187 689
0.9995065603657316 0 0 0 -1.0314107590781283 0 0 0 7.099506560365732 0 0 0 0 0 6222 222 187 689
0.9980267284282716 0 0 0 -1.0627905195293135 0 0 0 7.198026728428272 0 0 0 0 0 6222 222 187 689
0.99556196460308 0 0 0 -1.0941083133185143 0 0 0 7.295561964603081 0 0 0 0 0 6222 222 187 689
0.9921147013144778 0 0 0 -1.1253332335643043 0 0 0 7.392114701314478 0 0 0 0 0 6222 222 187 689
0.9876883405951377 0 0 0 -1.156434465040231 0 0 0 7.487688340595137 0 0 0 0 0 6222 222 187 689
0.9822872507286886 0 0 0 -1.1873813145857248 0 0 0 7.582287250728689 0 0 0 0 0 6222 222 187 689
0.9759167619387474 0 0 0 -1.2181432413965425 0 0 0 7.675916761938748 0 0 0 0 0 6222 222 187 689
0.9685831611286311 0 0 0 -1.2486898871648549 0 0 0 7.768583161128632 0 0 0 0 0 6222 222 187 689
0.9602936856769431 0 0 0 -1.2789911060392294 0 0 0 7.860293685676943 0 0 0 0 0 6222 222 187 689
0.9510565162951536 0 0 0 -1.3090169943749475 0 0 0 7.951056516295154 0 0 0 0 0 6222 222 187 689
0.9408807689542255 0 0 0 -1.3387379202452916 0 0 0 8.040880768954226 0 0 0 0 0 6222 222 187 689
0.9297764858882513 0 0 0 -1.368124552684678 0 0 0 8.129776485888252 0 0 0 0 0 6222 222 187 689
0.917754625683981 0 0 0 -1.397147890634781 0 0 0 8.217754625683982 0 0 0 0 0 6222 222 187 689
0.9048270524660195 0 0 0 -1.4257792915650727 0 0 0 8.30482705246602 0 0 0 0 0 6222 222 187 689
0.8910065241883679 0 0 0 -1.4539904997395467 0 0 0 8.391006524188368 0 0 0 0 0 6222 222 187 689
0.8763066800438635 0 0 0 -1.4817536741017154 0 0 0 8.476306680043864 0 0 0 0 0 6222 222 187 689
0.8607420270039436 0 0 0 -1.5090414157503713 0 0 0 8.560742027003943 0 0 0 0 0 6222 222 187 689
0.844327925502015 0 0 0 -1.535826794978997 0 0 0 8.644327925502015 0 0 0 0 0 6222 222 187 689
0.8270805742745617 0 0 0 -1.5620833778521308 0 0 0 8.727080574274563 0 0 0 0 0 6222 222 187 689
0.8090169943749475 0 0 0 -1.587785252292473 0 0 0 8.809016994374947 0 0 0 0 0 6222 222 187 689
0.7901550123756903 0 0 0 -1.6129070536529766 0 0 0 8.89015501237569 0 0 0 0 0 6222 222 187 689
0.7705132427757893 0 0 0 -1.6374239897486897 0 0 0 8.97051324277579 0 0 0 0 0 6222 222 187 689
0.7501110696304594 0 0 0 -1.661311865323652 0 0 0 9.05011106963046 0 0 0 0 0 6222 222 187 689
0.7289686274214114 0 0 0 -1.6845471059286887 0 0 0 9.128968627421411 0 0 0 0 0 6222 222 187 689
0.7071067811865476 0 0 0 -1.7071067811865475 0 0 0 9.207106781186548 0 0 0 0 0 6222 222 187 689
0.6845471059286888 0 0 0 -1.7289686274214113 0 0 0 9.28454710592869 0 0 0 0 0 6222 222 187 689
0.6613118653236518 0 0 0 -1.7501110696304596 0 0 0 9.361311865323652 0 0 0 0 0 6222 222 187 689
0.6374239897486899 0 0 0 -1.770513242775789 0 0 0 9.437423989748691 0 0 0 0 0 6222 222 187 689
0.6129070536529764 0 0 0 -1.7901550123756904 0 0 0 9.512907053652977 0 0 0 0 0 6222 222 187 689
0.5877852522924732 0 0 0 -1.8090169943749475 0 0 0 9.587785252292473 0 0 0 0 0 6222 222 187 689
0.5620833778521308 0 0 0 -1.8270805742745617 0 0 0 9.662083377852131 0 0 0 0 0 6222 222 187 689
0.5358267949789967 0 0 0 -1.844327925502015 0 0 0 9.735826794978998 0 0 0 0 0 6222 222 187 689
0.5090414157503711 0 0 0 -1.8607420270039436 0 0 0 9.809041415750372 0 0 0 0 0 6222 222 187 689
0.4817536741017152 0 0 0 -1.8763066800438635 0 0 0 9.881753674101716 0 0 0 0 0 6222 222 187 689
0.45399049973954686 0 0 0 -1.8910065241883678 0 0 0 9.953990499739547 0 0 0 0 0 6222 222 187 689
0.4257792915650729 0 0 0 -1.9048270524660194 0 0 0 10.025779291565073 0 0 0 0 0 6222 222 187 689
0.39714789063478023 0 0 0 -1.9177546256839815 0 0 0 10.097147890634782 0 0 0 0 0 6222 222 187 689
0.36812455268467775 0 0 0 -1.9297764858882513 0 0 0 10.168124552684679 0 0 0 0 0 6222 222 187 689
0.3387379202452913 0 0 0 -1.9408807689542256 0 0 0 10.238737920245292 0 0 0 0 0 6222 222 187 689
0.3090169943749475 0 0 0 -1.9510565162951536 0 0 0 10.309016994374948 0 0 0 0 0 6222 222 187 689
0.27899110603922955 0 0 0 -1.9602936856769428 0 0 0 10.37899110603923 0 0 0 0 0 6222 222 187 689
0.24868988716485438 0 0 0 -1.968583161128631 0 0 0 10.448689887164855 0 0 0 0 0 6222 222 187 689
0.21814324139654231 0 0 0 -1.9759167619387474 0 0 0 10.518143241396544 0 0 0 0 0 6222 222 187 689
0.18738131458572457 0 0 0 -1.9822872507286888 0 0 0 10.587381314585725 0 0 0 0 0 6222 222 187 689
0.15643446504023098 0 0 0 -1.9876883405951378 0 0 0 10.656434465040231 0 0 0 0 0 6222 222 187 689
0.12533323356430365 0 0 0 -1.992114701314478 0 0 0 10.725333233564305 0 0 0 0 0 6222 222 187 689
0.09410831331851435 0 0 0 -1.99556196460308 0 0 0 10.794108313318516 0 0 0 0 0 6222 222 187 689
0.06279051952931314 0 0 0 -1.9980267284282716 0 0 0 10.862790519529314 0 0 0 0 0 6222 222 187 689
0.031410759078128236 0 0 0 -1.9995065603657316 0 0 0 10.931410759078128 0 0 0 0 0 6222 222 187 689
1.2246467991473532e-16 0 0 0 -2.0 0 0 0 11.0 0 0 0 0 0 6222 222 187 689
-0.03141075907812888 0 0 0 -1.9995065603657314 0 0 0 11.068589240921872 0 0 0 0 0 6222 222 187 689
-0.06279051952931335 0 0 0 -1.9980267284282716 0 0 0 11.137209480470688 0 0 0 0 0 6222 222 187 689
-0.0941083133185141 0 0 0 -1.99556196460308 0 0 0 11.205891686681486 0 0 0 0 0 6222 222 187 689
-0.12533323356430429 0 0 0 -1.992114701314478 0 0 0 11.274666766435695 0 0 0 0 0 6222 222 187 689
-0.15643446504023073 0 0 0 -1.9876883405951378 0 0 0 11.343565534959769 0 0 0 0 0 6222 222 187 689
-0.18738131458572477 0 0 0 -1.9822872507286886 0 0 0 11.412618685414277 0 0 0 0 0 6222 222 187 689
-0.2181432413965425 0 0 0 -1.9759167619387474 0 0 0 11.481856758603458 0 0 0 0 0 6222 222 187 689
-0.24868988716485502 0 0 0 -1.968583161128631 0 0 0 11.551310112835147 0 0 0 0 0 6222 222 187 689
-0.2789911060392293 0 0 0 -1.960293685676943 0 0 0 11.621008893960772 0 0 0 0 0 6222 222 187 689
-0.30901699437494773 0 0 0 -1.9510565162951536 0 0 0 11.690983005625052 0 0 0 0 0 6222 222 187 689
-0.3387379202452915 0 0 0 -1.9408807689542256 0 0 0 11.76126207975471 0 0 0 0 0 6222 222 187 689
-0.3681245526846783 0 0 0 -1.9297764858882513 0 0 0 11.831875447315323 0 0 0 0 0 6222 222 187 689
-0.3971478906347808 0 0 0 -1.917754625683981 0 0 0 11.90285210936522 0 0 0 0 0 6222 222 187 689
-0.42577929156507266 0 0 0 -1.9048270524660196 0 0 0 11.974220708434927 0 0 0 0 0 6222 222 187 689
-0.45399049973954625 0 0 0 -1.8910065241883682 0 0 0 12.046009500260453 0 0 0 0 0 6222 222 187 689
-0.4817536741017154 0 0 0 -1.8763066800438635 0 0 0 12.118246325898285 0 0 0 0 0 6222 222 187 689
-0.5090414157503717 0 0 0 -1.8607420270039434 0 0 0 12.19095858424963 0 0 0 0 0 6222 222 187 689
-0.5358267949789968 0 0 0 -1.8443279255020149 0 0 0 12.264173205021004 0 0 0 0 0 6222 222 187 689
-0.5620833778521303 0 0 0 -1.8270805742745622 0 0 0 12.33791662214787 0 0 0 0 0 6222 222 187 689
-0.587785252292473 0 0 0 -1.8090169943749475 0 0 0 12.412214747707527 0 0 0 0 0 6222 222 187 689
-0.6129070536529769 0 0 0 -1.79015501237569 0 0 0 12.487092946347024 0 0 0 0 0 6222 222 187 689
-0.63742398974869 0 0 0 -1.770513242775789 0 0 0 12.56257601025131 0 0 0 0 0 6222 222 187 689
-0.6613118653236517 0 0 0 -1.7501110696304596 0 0 0 12.638688134676348 0 0 0 0 0 6222 222 187 689
-0.6845471059286887 0 0 0 -1.7289686274214116 0 0 0 12.715452894071312 0 0 0 0 0 6222 222 187 689
-0.7071067811865475 0 0 0 -1.7071067811865477 0 0 0 12.792893218813452 0 0 0 0 0 6222 222 187 689
-0.7289686274214119 0 0 0 -1.6845471059286883 0 0 0 12.871031372578589 0 0 0 0 0 6222 222 187 689
-0.7501110696304595 0 0 0 -1.6613118653236518 0 0 0 12.949888930369541 0 0 0 0 0 6222 222 187 689
-0.7705132427757894 0 0 0 -1.6374239897486895 0 0 0 13.02948675722421 0 0 0 0 0 6222 222 187 689
-0.7901550123756904 0 0 0 -1.6129070536529766 0 0 0 13.10984498762431 0 0 0 0 0 6222 222 187 689
-0.8090169943749473 0 0 0 -1.5877852522924734 0 0 0 13.190983005625053 0 0 0 0 0 6222 222 187 689
-0.8270805742745616 0 0 0 -1.5620833778521308 0 0 0 13.27291942572544 0 0 0 0 0 6222 222 187 689
-0.8443279255020153 0 0 0 -1.5358267949789963 0 0 0 13.355672074497985 0 0 0 0 0 6222 222 187 689
-0.8607420270039438 0 0 0 -1.509041415750371 0 0 0 13.439257972996057 0 0 0 0 0 6222 222 187 689
-0.8763066800438636 0 0 0 -1.4817536741017152 0 0 0 13.523693319956136 0 0 0 0 0 6222 222 187 689
-0.8910065241883678 0 0 0 -1.453990499739547 0 0 0 13.608993475811632 0 0 0 0 0 6222 222 187 689
-0.9048270524660198 0 0 0 -1.4257792915650722 0 0 0 13.695172947533981 0 0 0 0 0 6222 222 187 689
-0.9177546256839813 0 0 0 -1.3971478906347803 0 0 0 13.78224537431602 0 0 0 0 0 6222 222 187 689
-0.9297764858882515 0 0 0 -1.368124552684678 0 0 0 13.87022351411175 0 0 0 0 0 6222 222 187 689
-0.9408807689542255 0 0 0 -1.3387379202452914 0 0 0 13.959119231045776 0 0 0 0 0 6222 222 187 689
-0.9510565162951535 0 0 0 -1.3090169943749475 0 0 0 14.048943483704846 0 0 0 0 0 6222 222 187 689
-0.9602936856769432 0 0 0 -1.2789911060392287 0 0 0 14.139706314323059 0 0 0 0 0 6222 222 187 689
-0.9685831611286312 0 0 0 -1.2486898871648544 0 0 0 14.23141683887137 0 0 0 0 0 6222 222 187 689
-0.9759167619387474 0 0 0 -1.2181432413965423 0 0 0 14.324083238061252 0 0 0 0 0 6222 222 187 689
-0.9822872507286887 0 0 0 -1.1873813145857246 0 0 0 14.417712749271312 0 0 0 0 0 6222 222 187 689
-0.9876883405951377 0 0 0 -1.156434465040231 0 0 0 14.512311659404862 0 0 0 0 0 6222 222 187 689
-0.9921147013144779 0 0 0 -1.1253332335643038 0 0 0 14.607885298685524 0 0 0 0 0 6222 222 187 689
-0.99556196460308 0 0 0 -1.0941083133185139 0 0 0 14.70443803539692 0 0 0 0 0 6222 222 187 689
-0.9980267284282716 0 0 0 -1.0627905195293132 0 0 0 14.801973271571729 0 0 0 0 0 6222 222 187 689
-0.9995065603657316 0 0 0 -1.0314107590781283 0 0 0 14.90049343963427 0 0 0 0 0 6222 222 187 689
-1.0 0 0 0 -1.0000000000000002 0 0 0 15.0 0 0 0 0 0 6222 222 187 689
-0.9995065603657315 0 0 0 -0.9685892409218712 0 0 0 15.10049343963427 0 0 0 0 0 6222 222 187 689
-0.9980267284282716 0 0 0 -0.9372094804706872 0 0 0 15.20197327157173 0 0 0 0 0 6222 222 187 689
-0.99556196460308 0 0 0 -0.9058916866814855 0 0 0 15.30443803539692 0 0 0 0 0 6222 222 187 689
-0.9921147013144779 0 0 0 -0.8746667664356957 0 0 0 15.407885298685523 0 0 0 0 0 6222 222 187 689
-0.9876883405951378 0 0 0 -0.8435655349597693 0 0 0 15.512311659404862 0 0 0 0 0 6222 222 187 689
-0.9822872507286887 0 0 0 -0.8126186854142757 0 0 0 15.617712749271313 0 0 0 0 0 6222 222 187 689
-0.9759167619387473 0 0 0 -0.781856758603457 0 0 0 15.724083238061255 0 0 0 0 0 6222 222 187 689
-0.9685831611286311 0 0 0 -0.751310112835145 0 0 0 15.83141683887137 0 0 0 0 0 6222 222 187 689
-0.9602936856769431 0 0 0 -0.7210088939607708 0 0 0 15.939706314323058 0 0 0 0 0 6222 222 187 689
-0.9510565162951536 0 0 0 -0.6909830056250528 0 0 0 16.048943483704846 0 0 0 0 0 6222 222 187 689
-0.9408807689542253 0 0 0 -0.6612620797547082 0 0 0 16.15911923104578 0 0 0 0 0 6222 222 187 689
-0.9297764858882516 0 0 0 -0.6318754473153225 0 0 0 16.27022351411175 0 0 0 0 0 6222 222 187 689
-0.917754625683981 0 0 0 -0.6028521093652193 0 0 0 16.38224537431602 0 0 0 0 0 6222 222 187 689
-0.9048270524660196 0 0 0 -0.5742207084349273 0 0 0 16.49517294753398 0 0 0 0 0 6222 222 187 689
-0.891006524188368 0 0 0 -0.5460095002604534 0 0 0 16.60899347581163 0 0 0 0 0 6222 222 187 689
-0.8763066800438634 0 0 0 -0.5182463258982843 0 0 0 16.72369331995614 0 0 0 0 0 6222 222 187 689
-0.860742027003944 0 0 0 -0.4909585842496291 0 0 0 16.839257972996055 0 0 0 0 0 6222 222 187 689
-0.844327925502015 0 0 0 -0.46417320502100323 0 0 0 16.955672074497986 0 0 0 0 0 6222 222 187 689
-0.8270805742745618 0 0 0 -0.4379166221478694 0 0 0 17.07291942572544 0 0 0 0 0 6222 222 187 689
-0.8090169943749476 0 0 0 -0.4122147477075271 0 0 0 17.190983005625053 0 0 0 0 0 6222 222 187 689
-0.7901550123756901 0 0 0 -0.38709294634702307 0 0 0 17.309844987624313 0 0 0 0 0 6222 222 187 689
-0.7705132427757896 0 0 0 -0.3625760102513107 0 0 0 17.42948675722421 0 0 0 0 0 6222 222 187 689
-0.7501110696304595 0 0 0 -0.33868813467634806 0 0 0 17.54988893036954 0 0 0 0 0 6222 222 187 689
-0.7289686274214109 0 0 0 -0.3154528940713107 0 0 0 17.67103137257859 0 0 0 0 0 6222 222 187 689
-0.7071067811865477 0 0 0 -0.29289321881345265 0 0 0 17.792893218813454 0 0 0 0 0 6222 222 187 689
-0.6845471059286883 0 0 0 -0.2710313725785881 0 0 0 17.915452894071315 0 0 0 0 0 6222 222 187 689
-0.6613118653236523 0 0 0 -0.24988893036954085 0 0 0 18.03868813467635 0 0 0 0 0 6222 222 187 689
-0.6374239897486896 0 0 0 -0.22948675722421064 0 0 0 18.16257601025131 0 0 0 0 0 6222 222 187 689
-0.6129070536529758 0 0 0 -0.20984498762430914 0 0 0 18.287092946347027 0 0 0 0 0 6222 222 187 689
-0.5877852522924734 0 0 0 -0.19098300562505266 0 0 0 18.412214747707527 0 0 0 0 0 6222 222 187 689
-0.5620833778521309 0 0 0 -0.1729194257254384 0 0 0 18.537916622147872 0 0 0 0 0 6222 222 187 689
-0.5358267949789971 0 0 0 -0.15567207449798526 0 0 0 18.664173205021 0 0 0 0 0 6222 222 187 689
-0.5090414157503712 0 0 0 -0.13925797299605625 0 0 0 18.79095858424963 0 0 0 0 0 6222 222 187 689
-0.48175367410171455 0 0 0 -0.12369331995613597 0 0 0 18.918246325898288 0 0 0 0 0 6222 222 187 689
-0.45399049973954697 0 0 0 -0.10899347581163221 0 0 0 19.046009500260453 0 0 0 0 0 6222 222 187 689
-0.4257792915650722 0 0 0 -0.09517294753398031 0 0 0 19.17422070843493 0 0 0 0 0 6222 222 187 689
-0.3971478906347812 0 0 0 -0.08224537431601908 0 0 0 19.30285210936522 0 0 0 0 0 6222 222 187 689
-0.36812455268467786 0 0 0 -0.07022351411174854 0 0 0 19.431875447315324 0 0 0 0 0 6222 222 187 689
-0.3387379202452914 0 0 0 -0.059119231045774545 0 0 0 19.561262079754712 0 0 0 0 0 6222 222 187 689
-0.3090169943749476 0 0 0 -0.04894348370484647 0 0 0 19.690983005625053 0 0 0 0 0 6222 222 187 689
-0.2789911060392288 0 0 0 -0.039706314323056824 0 0 0 19.821008893960773 0 0 0 0 0 6222 222 187 689
-0.24868988716485363 0 0 0 -0.03141683887136859 0 0 0 19.95131011283515 0 0 0 0 0 6222 222 187 689
-0.21814324139654243 0 0 0 -0.024083238061252565 0 0 0 20.081856758603458 0 0 0 0 0 6222 222 187 689
-0.18738131458572468 0 0 0 -0.01771274927131128 0 0 0 20.212618685414277 0 0 0 0 0 6222 222 187 689
-0.15643446504023112 0 0 0 -0.01231165940486234 0 0 0 20.34356553495977 0 0 0 0 0 6222 222 187 689
-0.1253332335643038 0 0 0 -0.007885298685522124 0 0 0 20.474666766435696 0 0 0 0 0 6222 222 187 689
-0.09410831331851403 0 0 0 -0.004438035396920004 0 0 0 20.60589168668149 0 0 0 0 0 6222 222 187 689
-0.06279051952931326 0 0 0 -0.001973271571728441 0 0 0 20.73720948047069 0 0 0 0 0 6222 222 187 689
-0.03141075907812747 0 0 0 -0.0004934396342684 0 0 0 20.868589240921875 0 0 0 0 0 6222 222 187 689
-2.4492935982947064e-16 0 0 0 0.0 0 0 0 21.0 0 0 0 0 0 6222 222 187 689
0.03141075907812876 0 0 0 -0.000493439634268511 0 0 0 21.13141075907813 0 0 0 0 0 6222 222 187 689
0.06279051952931455 0 0 0 -0.001973271571728552 0 0 0 21.262790519529318 0 0 0 0 0 6222 222 187 689
0.09410831331851442 0 0 0 -0.004438035396920004 0 0 0 21.394108313318515 0 0 0 0 0 6222 222 187 689
0.12533323356430418 0 0 0 -0.007885298685522124 0 0 0 21.525333233564307 0 0 0 0 0 6222 222 187 689
0.15643446504022973 0 0 0 -0.012311659404862119 0 0 0 21.65643446504023 0 0 0 0 0 6222 222 187 689
0.1873813145857242 0 0 0 -0.01771274927131128 0 0 0 21.787381314585726 0 0 0 0 0 6222 222 187 689
0.21814324139654281 0 0 0 -0.024083238061252676 0 0 0 21.918143241396546 0 0 0 0 0 6222 222 187 689
0.24868988716485488 0 0 0 -0.031416838871368924 0 0 0 22.048689887164855 0 0 0 0 0 6222 222 187 689
0.27899110603923005 0 0 0 -0.03970631432305716 0 0 0 22.17899110603923 0 0 0 0 0 6222 222 187 689
0.3090169943749472 0 0 0 -0.04894348370484636 0 0 0 22.309016994374947 0 0 0 0 0 6222 222 187 689
0.3387379202452918 0 0 0 -0.059119231045774656 0 0 0 22.438737920245295 0 0 0 0 0 6222 222 187 689
0.3681245526846782 0 0 0 -0.07022351411174865 0 0 0 22.56812455268468 0 0 0 0 0 6222 222 187 689
0.3971478906347799 0 0 0 -0.08224537431601853 0 0 0 22.69714789063478 0 0 0 0 0 6222 222 187 689
0.42577929156507255 0 0 0 -0.09517294753398042 0 0 0 22.825779291565073 0 0 0 0 0 6222 222 187 689
0.4539904997395466 0 0 0 -0.10899347581163199 0 0 0 22.953990499739547 0 0 0 0 0 6222 222 187 689
0.48175367410171566 0 0 0 -0.12369331995613664 0 0 0 23.081753674101716 0 0 0 0 0 6222 222 187 689
0.5090414157503723 0 0 0 -0.1392579729960569 0 0 0 23.209041415750374 0 0 0 0 0 6222 222 187 689
0.5358267949789967 0 0 0 -0.15567207449798492 0 0 0 23.335826794979 0 0 0 0 0 6222 222 187 689
0.5620833778521312 0 0 0 -0.1729194257254386 0 0 0 23.46208337785213 0 0 0 0 0 6222 222 187 689
0.5877852522924736 0 0 0 -0.190983005625053 0 0 0 23.587785252292473 0 0 0 0 0 6222 222 187 689
0.6129070536529762 0 0 0 -0.20984498762430936 0 0 0 23.712907053652977 0 0 0 0 0 6222 222 187 689
0.6374239897486899 0 0 0 -0.22948675722421097 0 0 0 23.837423989748693 0 0 0 0 0 6222 222 187 689
0.6613118653236519 0 0 0 -0.24988893036954052 0 0 0 23.96131186532365 0 0 0 0 0 6222 222 187 689
0.6845471059286893 0 0 0 -0.271031372578589 0 0 0 24.084547105928692 0 0 0 0 0 6222 222 187 689
0.7071067811865474 0 0 0 -0.2928932188134523 0 0 0 24.207106781186546 0 0 0 0 0 6222 222 187 689
0.7289686274214118 0 0 0 -0.3154528940713116 0 0 0 24.328968627421414 0 0 0 0 0 6222 222 187 689
0.7501110696304603 0 0 0 -0.33868813467634895 0 0 0 24.450111069630463 0 0 0 0 0 6222 222 187 689
0.7705132427757893 0 0 0 -0.36257601025131037 0 0 0 24.57051324277579 0 0 0 0 0 6222 222 187 689
0.7901550123756903 0 0 0 -0.3870929463470234 0 0 0 24.690155012375694 0 0 0 0 0 6222 222 187 689
0.8090169943749468 0 0 0 -0.412214747707526 0 0 0 24.809016994374947 0 0 0 0 0 6222 222 187 689
0.8270805742745616 0 0 0 -0.437916622147869 0 0 0 24.927080574274562 0 0 0 0 0 6222 222 187 689
0.8443279255020152 0 0 0 -0.46417320502100357 0 0 0 25.044327925502017 0 0 0 0 0 6222 222 187 689
0.8607420270039436 0 0 0 -0.4909585842496288 0 0 0 25.160742027003945 0 0 0 0 0 6222 222 187 689
0.8763066800438639 0 0 0 -0.5182463258982855 0 0 0 25.276306680043866 0 0 0 0 0 6222 222 187 689
0.8910065241883677 0 0 0 -0.546009500260453 0 0 0 25.391006524188366 0 0 0 0 0 6222 222 187 689
0.9048270524660197 0 0 0 -0.5742207084349278 0 0 0 25.50482705246602 0 0 0 0 0 6222 222 187 689
0.9177546256839813 0 0 0 -0.6028521093652196 0 0 0 25.617754625683983 0 0 0 0 0 6222 222 187 689
0.9297764858882511 0 0 0 -0.6318754473153212 0 0 0 25.72977648588825 0 0 0 0 0 6222 222 187 689
0.9408807689542255 0 0 0 -0.6612620797547085 0 0 0 25.84088076895423 0 0 0 0 0 6222 222 187 689
0.9510565162951535 0 0 0 -0.6909830056250523 0 0 0 25.951056516295154 0 0 0 0 0 6222 222 187 689
0.9602936856769432 0 0 0 -0.7210088939607712 0 0 0 26.060293685676946 0 0 0 0 0 6222 222 187 689
0.9685831611286314 0 0 0 -0.7513101128351463 0 0 0 26.168583161128634 0 0 0 0 0 6222 222 187 689
0.9759167619387474 0 0 0 -0.7818567586034575 0 0 0 26.27591676193875 0 0 0 0 0 6222 222 187 689
0.9822872507286888 0 0 0 -0.8126186854142761 0 0 0 26.38228725072869 0 0 0 0 0 6222 222 187 689
0.9876883405951378 0 0 0 -0.8435655349597697 0 0 0 26.487688340595138 0 0 0 0 0 6222 222 187 689
0.9921147013144778 0 0 0 -0.8746667664356953 0 0 0 26.59211470131448 0 0 0 0 0 6222 222 187 689
0.99556196460308 0 0 0 -0.9058916866814859 0 0 0 26.695561964603083 0 0 0 0 0 6222 222 187 689
0.9980267284282716 0 0 0 -0.9372094804706866 0 0 0 26.798026728428272 0 0 0 0 0 6222 222 187 689
0.9995065603657316 0 0 0 -0.9685892409218725 0 0 0 26.899506560365733 0 0 0 0 0 6222 222 187 689
1.0 0 0 0 -0.9999999999999997 0 0 0 27.0 0 0 0 0 0 6222 222 187 689
0.9995065603657315 0 0 0 -1.0314107590781287 0 0 0 27.099506560365732 0 0 0 0 0 6222 222 187 689
0.9980267284282714 0 0 0 -1.0627905195293146 0 0 0 27.198026728428275 0 0 0 0 0 6222 222 187 689
0.99556196460308 0 0 0 -1.0941083133185143 0 0 0 27.29556196460308 0 0 0 0 0 6222 222 187 689
0.9921147013144779 0 0 0 -1.125333233564304 0 0 0 27.39211470131448 0 0 0 0 0 6222 222 187 689
0.9876883405951379 0 0 0 -1.1564344650402296 0 0 0 27.487688340595138 0 0 0 0 0 6222 222 187 689
0.9822872507286886 0 0 0 -1.187381314585725 0 0 0 27.58228725072869 0 0 0 0 0 6222 222 187 689
0.9759167619387473 0 0 0 -1.2181432413965427 0 0 0 27.67591676193875 0 0 0 0 0 6222 222 187 689
0.9685831611286311 0 0 0 -1.2486898871648549 0 0 0 27.768583161128632 0 0 0 0 0 6222 222 187 689
0.9602936856769431 0 0 0 -1.2789911060392292 0 0 0 27.860293685676947 0 0 0 0 0 6222 222 187 689
0.9510565162951536 0 0 0 -1.309016994374947 0 0 0 27.951056516295154 0 0 0 0 0 6222 222 187 689
0.940880768954225 0 0 0 -1.3387379202452925 0 0 0 28.040880768954228 0 0 0 0 0 6222 222 187 689
0.9297764858882517 0 0 0 -1.3681245526846773 0 0 0 28.129776485888254 0 0 0 0 0 6222 222 187 689
0.9177546256839815 0 0 0 -1.3971478906347798 0 0 0 28.21775462568398 0 0 0 0 0 6222 222 187 689
0.9048270524660192 0 0 0 -1.4257792915650733 0 0 0 28.30482705246602 0 0 0 0 0 6222 222 187 689
0.8910065241883685 0 0 0 -1.4539904997395456 0 0 0 28.39100652418837 0 0 0 0 0 6222 222 187 689
0.8763066800438634 0 0 0 -1.4817536741017157 0 0 0 28.476306680043866 0 0 0 0 0 6222 222 187 689
0.8607420270039435 0 0 0 -1.5090414157503713 0 0 0 28.560742027003947 0 0 0 0 0 6222 222 187 689
0.8443279255020151 0 0 0 -1.5358267949789965 0 0 0 28.644327925502015 0 0 0 0 0 6222 222 187 689
0.8270805742745609 0 0 0 -1.562083377852132 0 0 0 28.727080574274563 0 0 0 0 0 6222 222 187 689
0.8090169943749477 0 0 0 -1.587785252292473 0 0 0 28.809016994374947 0 0 0 0 0 6222 222 187 689
0.7901550123756906 0 0 0 -1.6129070536529762 0 0 0 28.890155012375693 0 0 0 0 0 6222 222 187 689
0.7705132427757886 0 0 0 -1.6374239897486906 0 0 0 28.97051324277579 0 0 0 0 0 6222 222 187 689
0.7501110696304601 0 0 0 -1.6613118653236514 0 0 0 29.05011106963046 0 0 0 0 0 6222 222 187 689
0.728968627421411 0 0 0 -1.6845471059286892 0 0 0 29.128968627421415 0 0 0 0 0 6222 222 187 689
0.7071067811865483 0 0 0 -1.7071067811865466 0 0 0 29.20710678118655 0 0 0 0 0 6222 222 187 689
0.6845471059286884 0 0 0 -1.7289686274214118 0 0 0 29.28454710592869 0 0 0 0 0 6222 222 187 689
0.6613118653236504 0 0 0 -1.750111069630461 0 0 0 29.361311865323653 0 0 0 0 0 6222 222 187 689
0.6374239897486897 0 0 0 -1.7705132427757893 0 0 0 29.43742398974869 0 0 0 0 0 6222 222 187 689
0.6129070536529766 0 0 0 -1.7901550123756902 0 0 0 29.512907053652977 0 0 0 0 0 6222 222 187 689
0.5877852522924734 0 0 0 -1.8090169943749472 0 0 0 29.587785252292473 0 0 0 0 0 6222 222 187 689
0.562083377852131 0 0 0 -1.8270805742745615 0 0 0 29.66208337785213 0 0 0 0 0 6222 222 187 689
0.5358267949789957 0 0 0 -1.8443279255020157 0 0 0 29.735826794978998 0 0 0 0 0 6222 222 187 689
0.5090414157503721 0 0 0 -1.8607420270039432 0 0 0 29.80904141575037 0 0 0 0 0 6222 222 187 689
0.48175367410171466 0 0 0 -1.876306680043864 0 0 0 29.881753674101716 0 0 0 0 0 6222 222 187 689
0.4539904997395463 0 0 0 -1.8910065241883682 0 0 0 29.953990499739547 0 0 0 0 0 6222 222 187 689
0.4257792915650723 0 0 0 -1.9048270524660196 0 0 0 30.025779291565073 0 0 0 0 0 6222 222 187 689
0.39714789063478045 0 0 0 -1.9177546256839813 0 0 0 30.097147890634783 0 0 0 0 0 6222 222 187 689
0.368124552684678 0 0 0 -1.9297764858882513 0 0 0 30.168124552684677 0 0 0 0 0 6222 222 187 689
0.33873792024529153 0 0 0 -1.9408807689542256 0 0 0 30.238737920245292 0 0 0 0 0 6222 222 187 689
0.3090169943749478 0 0 0 -1.9510565162951534 0 0 0 30.309016994374947 0 0 0 0 0 6222 222 187 689
0.2789911060392298 0 0 0 -1.9602936856769428 0 0 0 30.37899110603923 0 0 0 0 0 6222 222 187 689
0.24868988716485377 0 0 0 -1.9685831611286315 0 0 0 30.448689887164857 0 0 0 0 0 6222 222 187 689
0.21814324139654168 0 0 0 -1.9759167619387474 0 0 0 30.518143241396544 0 0 0 0 0 6222 222 187 689
0.18738131458572393 0 0 0 -1.9822872507286888 0 0 0 30.587381314585727 0 0 0 0 0 6222 222 187 689
0.15643446504023034 0 0 0 -1.9876883405951378 0 0 0 30.65643446504023 0 0 0 0 0 6222 222 187 689
0.1253332335643039 0 0 0 -1.992114701314478 0 0 0 30.725333233564307 0 0 0 0 0 6222 222 187 689
0.09410831331851414 0 0 0 -1.99556196460308 0 0 0 30.794108313318517 0 0 0 0 0 6222 222 187 689
0.06279051952931339 0 0 0 -1.9980267284282716 0 0 0 30.862790519529312 0 0 0 0 0 6222 222 187 689
0.03141075907812848 0 0 0 -1.9995065603657316 0 0 0 30.93141075907813 0 0 0 0 0 6222 222 187 689
3.6739403974420594e-16 0 0 0 -2.0 0 0 0 31.0 0 0 0 0 0 6222 222 187 689
-0.03141075907812952 0 0 0 -1.9995065603657314 0 0 0 31.06858924092187 0 0 0 0 0 6222 222 187 689
-0.06279051952931443 0 0 0 -1.9980267284282713 0 0 0 31.137209480470688 0 0 0 0 0 6222 222 187 689
-0.09410831331851519 0 0 0 -1.99556196460308 0 0 0 31.205891686681486 0 0 0 0 0 6222 222 187 689
-0.12533323356430318 0 0 0 -1.992114701314478 0 0 0 31.2746667664357 0 0 0 0 0 6222 222 187 689
-0.15643446504022962 0 0 0 -1.9876883405951378 0 0 0 31.34356553495977 0 0 0 0 0 6222 222 187 689
-0.18738131458572496 0 0 0 -1.9822872507286886 0 0 0 31.412618685414277 0 0 0 0 0 6222 222 187 689
-0.2181432413965427 0 0 0 -1.9759167619387474 0 0 0 31.48185675860346 0 0 0 0 0 6222 222 187 689
-0.24868988716485477 0 0 0 -1.968583161128631 0 0 0 31.551310112835147 0 0 0 0 0 6222 222 187 689
-0.27899110603922905 0 0 0 -1.9602936856769433 0 0 0 31.621008893960774 0 0 0 0 0 6222 222 187 689
-0.30901699437494706 0 0 0 -1.9510565162951536 0 0 0 31.690983005625053 0 0 0 0 0 6222 222 187 689
-0.33873792024529253 0 0 0 -1.9408807689542251 0 0 0 31.761262079754708 0 0 0 0 0 6222 222 187 689
-0.36812455268467725 0 0 0 -1.9297764858882518 0 0 0 31.831875447315326 0 0 0 0 0 6222 222 187 689
-0.3971478906347798 0 0 0 -1.9177546256839815 0 0 0 31.90285210936522 0 0 0 0 0 6222 222 187 689
-0.42577929156507327 0 0 0 -1.9048270524660191 0 0 0 31.974220708434927 0 0 0 0 0 6222 222 187 689
-0.45399049973954564 0 0 0 -1.8910065241883685 0 0 0 32.04600950026045 0 0 0 0 0 6222 222 187 689
-0.48175367410171555 0 0 0 -1.8763066800438635 0 0 0 32.11824632589828 0 0 0 0 0 6222 222 187 689
-0.5090414157503714 0 0 0 -1.8607420270039436 0 0 0 32.19095858424963 0 0 0 0 0 6222 222 187 689
-0.5358267949789965 0 0 0 -1.844327925502015 0 0 0 32.264173205021 0 0 0 0 0 6222 222 187 689
-0.5620833778521319 0 0 0 -1.8270805742745608 0 0 0 32.33791662214787 0 0 0 0 0 6222 222 187 689
-0.5877852522924728 0 0 0 -1.8090169943749477 0 0 0 32.41221474770752 0 0 0 0 0 6222 222 187 689
-0.612907053652976 0 0 0 -1.7901550123756906 0 0 0 32.487092946347026 0 0 0 0 0 6222 222 187 689
-0.6374239897486905 0 0 0 -1.7705132427757886 0 0 0 32.56257601025131 0 0 0 0 0 6222 222 187 689
-0.6613118653236525 0 0 0 -1.750111069630459 0 0 0 32.63868813467635 0 0 0 0 0 6222 222 187 689
-0.6845471059286878 0 0 0 -1.7289686274214122 0 0 0 32.71545289407131 0 0 0 0 0 6222 222 187 689
-0.7071067811865479 0 0 0 -1.707106781186547 0 0 0 32.792893218813454 0 0 0 0 0 6222 222 187 689
-0.7289686274214118 0 0 0 -1.6845471059286883 0 0 0 32.871031372578585 0 0 0 0 0 6222 222 187 689
-0.7501110696304608 0 0 0 -1.6613118653236505 0 0 0 32.94988893036954 0 0 0 0 0 6222 222 187 689
-0.7705132427757893 0 0 0 -1.6374239897486897 0 0 0 33.02948675722421 0 0 0 0 0 6222 222 187 689
-0.7901550123756902 0 0 0 -1.6129070536529766 0 0 0 33.10984498762431 0 0 0 0 0 6222 222 187 689
-0.8090169943749472 0 0 0 -1.5877852522924734 0 0 0 33.19098300562505 0 0 0 0 0 6222 222 187 689
-0.8270805742745615 0 0 0 -1.562083377852131 0 0 0 33.27291942572544 0 0 0 0 0 6222 222 187 689
-0.8443279255020156 0 0 0 -1.5358267949789957 0 0 0 33.35567207449799 0 0 0 0 0 6222 222 187 689
-0.8607420270039441 0 0 0 -1.5090414157503704 0 0 0 33.43925797299606 0 0 0 0 0 6222 222 187 689
-0.876306680043863 0 0 0 -1.4817536741017163 0 0 0 33.52369331995614 0 0 0 0 0 6222 222 187 689
-0.8910065241883681 0 0 0 -1.4539904997395463 0 0 0 33.60899347581163 0 0 0 0 0 6222 222 187 689
-0.9048270524660197 0 0 0 -1.4257792915650724 0 0 0 33.69517294753398 0 0 0 0 0 6222 222 187 689
-0.9177546256839811 0 0 0 -1.3971478906347805 0 0 0 33.78224537431602 0 0 0 0 0 6222 222 187 689
-0.9297764858882513 0 0 0 -1.368124552684678 0 0 0 33.87022351411175 0 0 0 0 0 6222 222 187 689
-0.9408807689542248 0 0 0 -1.3387379202452934 0 0 0 33.959119231045776 0 0 0 0 0 6222 222 187 689
-0.9510565162951534 0 0 0 -1.309016994374948 0 0 0 34.048943483704846 0 0 0 0 0 6222 222 187 689
-0.960293685676943 0 0 0 -1.2789911060392298 0 0 0 34.13970631432306 0 0 0 0 0 6222 222 187 689
-0.9685831611286314 0 0 0 -1.2486898871648537 0 0 0 34.23141683887137 0 0 0 0 0 6222 222 187 689
-0.9759167619387475 0 0 0 -1.2181432413965418 0 0 0 34.324083238061256 0 0 0 0 0 6222 222 187 689
-0.9822872507286885 0 0 0 -1.1873813145857257 0 0 0 34.41771274927131 0 0 0 0 0 6222 222 187 689
-0.9876883405951378 0 0 0 -1.1564344650402303 0 0 0 34.512311659404865 0 0 0 0 0 6222 222 187 689
-0.9921147013144779 0 0 0 -1.125333233564304 0 0 0 34.607885298685524 0 0 0 0 0 6222 222 187 689
-0.99556196460308 0 0 0 -1.094108313318514 0 0 0 34.704438035396926 0 0 0 0 0 6222 222 187 689
-0.9980267284282717 0 0 0 -1.0627905195293117 0 0 0 34.80197327157173 0 0 0 0 0 6222 222 187 689
-0.9995065603657315 0 0 0 -1.0314107590781303 0 0 0 34.90049343963427 0 0 0 0 0 6222 222 187 689
-1.0 0 0 0 -1.0000000000000004 0 0 0 35.0 0 0 0 0 0 6222 222 187 689
-0.9995065603657315 0 0 0 -0.9685892409218705 0 0 0 35.10049343963427 0 0 0 0 0 6222 222 187 689
-0.9980267284282714 0 0 0 -0.9372094804706856 0 0 0 35.20197327157173 0 0 0 0 0 6222 222 187 689
-0.9955619646030799 0 0 0 -0.9058916866814849 0 0 0 35.30443803539693 0 0 0 0 0 6222 222 187 689
-0.992114701314478 0 0 0 -0.8746667664356969 0 0 0 35.40788529868552 0 0 0 0 0 6222 222 187 689
-0.9876883405951379 0 0 0 -0.8435655349597704 0 0 0 35.512311659404865 0 0 0 0 0 6222 222 187 689
-0.9822872507286886 0 0 0 -0.8126186854142751 0 0 0 35.61771274927131 0 0 0 0 0 6222 222 187 689
-0.9759167619387473 0 0 0 -0.7818567586034574 0 0 0 35.724083238061255 0 0 0 0 0 6222 222 187 689
-0.9685831611286307 0 0 0 -0.7513101128351436 0 0 0 35.83141683887138 0 0 0 0 0 6222 222 187 689
-0.9602936856769432 0 0 0 -0.7210088939607711 0 0 0 35.939706314323054 0 0 0 0 0 6222 222 187 689
-0.9510565162951538 0 0 0 -0.690983005625053 0 0 0 36.048943483704846 0 0 0 0 0 6222 222 187 689
-0.9408807689542251 0 0 0 -0.6612620797547075 0 0 0 36.15911923104578 0 0 0 0 0 6222 222 187 689
-0.9297764858882517 0 0 0 -0.6318754473153227 0 0 0 36.27022351411175 0 0 0 0 0 6222 222 187 689
-0.9177546256839808 0 0 0 -0.6028521093652186 0 0 0 36.38224537431602 0 0 0 0 0 6222 222 187 689
-0.90482705246602 0 0 0 -0.5742207084349285 0 0 0 36.49517294753398 0 0 0 0 0 6222 222 187 689
-0.8910065241883685 0 0 0 -0.5460095002604544 0 0 0 36.60899347581163 0 0 0 0 0 6222 222 187 689
-0.8763066800438635 0 0 0 -0.5182463258982846 0 0 0 36.72369331995614 0 0 0 0 0 6222 222 187 689
-0.8607420270039436 0 0 0 -0.4909585842496287 0 0 0 36.83925797299606 0 0 0 0 0 6222 222 187 689
-0.8443279255020142 0 0 0 -0.464173205021002 0 0 0 36.95567207449799 0 0 0 0 0 6222 222 187 689
-0.8270805742745619 0 0 0 -0.43791662214786964 0 0 0 37.07291942572544 0 0 0 0 0 6222 222 187 689
-0.8090169943749477 0 0 0 -0.4122147477075272 0 0 0 37.19098300562505 0 0 0 0 0 6222 222 187 689
-0.7901550123756907 0 0 0 -0.38709294634702396 0 0 0 37.30984498762431 0 0 0 0 0 6222 222 187 689
-0.7705132427757886 0 0 0 -0.3625760102513096 0 0 0 37.42948675722421 0 0 0 0 0 6222 222 187 689
-0.750111069630459 0 0 0 -0.3386881346763475 0 0 0 37.54988893036955 0 0 0 0 0 6222 222 187 689
-0.7289686274214123 0 0 0 -0.31545289407131216 0 0 0 37.67103137257859 0 0 0 0 0 6222 222 187 689
-0.7071067811865485 0 0 0 -0.2928932188134534 0 0 0 37.792893218813454 0 0 0 0 0 6222 222 187 689
-0.6845471059286885 0 0 0 -0.27103137257858834 0 0 0 37.915452894071315 0 0 0 0 0 6222 222 187 689
-0.6613118653236505 0 0 0 -0.2498889303695392 0 0 0 38.03868813467635 0 0 0 0 0 6222 222 187 689
-0.6374239897486897 0 0 0 -0.22948675722421086 0 0 0 38.162576010251314 0 0 0 0 0 6222 222 187 689
-0.6129070536529767 0 0 0 -0.2098449876243098 0 0 0 38.28709294634702 0 0 0 0 0 6222 222 187 689
-0.5877852522924735 0 0 0 -0.19098300562505288 0 0 0 38.41221474770752 0 0 0 0 0 6222 222 187 689
-0.5620833778521311 0 0 0 -0.1729194257254385 0 0 0 38.53791662214787 0 0 0 0 0 6222 222 187 689
-0.5358267949789958 0 0 0 -0.15567207449798437 0 0 0 38.66417320502101 0 0 0 0 0 6222 222 187 689
-0.5090414157503707 0 0 0 -0.13925797299605602 0 0 0 38.79095858424964 0 0 0 0 0 6222 222 187 689
-0.4817536741017132 0 0 0 -0.1236933199561353 0 0 0 38.918246325898295 0 0 0 0 0 6222 222 187 689
-0.4539904997395464 0 0 0 -0.10899347581163199 0 0 0 39.04600950026045 0 0 0 0 0 6222 222 187 689
-0.42577929156507244 0 0 0 -0.09517294753398042 0 0 0 39.17422070843493 0 0 0 0 0 6222 222 187 689
-0.39714789063478056 0 0 0 -0.08224537431601886 0 0 0 39.30285210936522 0 0 0 0 0 6222 222 187 689
-0.3681245526846781 0 0 0 -0.07022351411174865 0 0 0 39.43187544731533 0 0 0 0 0 6222 222 187 689
-0.33873792024529 0 0 0 -0.05911923104577399 0 0 0 39.56126207975471 0 0 0 0 0 6222 222 187 689
-0.3090169943749479 0 0 0 -0.04894348370484658 0 0 0 39.69098300562505 0 0 0 0 0 6222 222 187 689
-0.2789911060392299 0 0 0 -0.03970631432305716 0 0 0 39.82100889396077 0 0 0 0 0 6222 222 187 689
-0.24868988716485388 0 0 0 -0.0314168388713687 0 0 0 39.95131011283515 0 0 0 0 0 6222 222 187 689
-0.21814324139654181 0 0 0 -0.024083238061252454 0 0 0 40.081856758603465 0 0 0 0 0 6222 222 187 689
-0.18738131458572405 0 0 0 -0.017712749271311168 0 0 0 40.212618685414284 0 0 0 0 0 6222 222 187 689
-0.15643446504023048 0 0 0 -0.01231165940486223 0 0 0 40.34356553495977 0 0 0 0 0 6222 222 187 689
-0.125333233564304 0 0 0 -0.007885298685522124 0 0 0 40.474666766435696 0 0 0 0 0 6222 222 187 689
-0.09410831331851427 0 0 0 -0.004438035396920004 0 0 0 40.60589168668149 0 0 0 0 0 6222 222 187 689
-0.06279051952931174 0 0 0 -0.00197327157172833 0 0 0 40.73720948047069 0 0 0 0 0 6222 222 187 689
-0.03141075907812683 0 0 0 -0.0004934396342684 0 0 0 40.86858924092188 0 0 0 0 0 6222 222 187 689
-4.898587196589413e-16 0 0 0 0.0 0 0 0 41.0 0 0 0 0 0 6222 222 187 689
0.031410759078127626 0 0 0 -0.0004934396342684 0 0 0 41.13141075907813 0 0 0 0 0 6222 222 187 689
