0.0 0.0 1.0 1.0 0.0 0.0 0.0 0.0 0.0 0.0 0.0 0.0 0.0 4.9033 4.9033 4.9033 4.9033
0.03141075907812829 -0.0004934396342684 1.1314107590781284 1.0 0.0 0.0 0.0 0.0 0.0 0.0 0.0 0.0 0.0 4.9033 4.9033 4.9033 4.9033
0.06279051952931337 -0.001973271571728441 1.2627905195293134 1.0 0.0 0.0 0.0 0.0 0.0 0.0 0.0 0.0 0.0 4.9033 4.9033 4.9033 4.9033
0.09410831331851434 -0.004438035396920004 1.3941083133185144 1.0 0.0 0.0 0.0 0.0 0.0 0.0 0.0 0.0 0.0 4.9033 4.9033 4.9033 4.9033
0.12533323356430426 -0.007885298685522124 1.5253332335643042 1.0 0.0 0.0 0.0 0.0 0.0 0.0 0.0 0.0 0.0 4.9033 4.9033 4.9033 4.9033
0.15643446504023087 -0.01231165940486223 1.6564344650402307 1.0 0.0 0.0 0.0 0.0 0.0 0.0 0.0 0.0 0.0 4.9033 4.9033 4.9033 4.9033
0.18738131458572466 -0.01771274927131128 1.7873813145857247 1.0 0.0 0.0 0.0 0.0 0.0 0.0 0.0 0.0 0.0 4.9033 4.9033 4.9033 4.9033
0.21814324139654256 -0.024083238061252565 1.9181432413965427 1.0 0.0 0.0 0.0 0.0 0.0 0.0 0.0 0.0 0.0 4.9033 4.9033 4.9033 4.9033
0.2486898871648548 -0.031416838871368924 2.048689887164855 1.0 0.0 0.0 0.0 0.0 0.0 0.0 0.0 0.0 0.0 4.9033 4.9033 4.9033 4.9033
0.2789911060392293 -0.039706314323056935 2.1789911060392293 1.0 0.0 0.0 0.0 0.0 0.0 0.0 0.0 0.0 0.0 4.9033 4.9033 4.9033 4.9033
0.3090169943749474 -0.04894348370484647 2.3090169943749475 1.0 0.0 0.0 0.0 0.0 0.0 0.0 0.0 0.0 0.0 4.9033 4.9033 4.9033 4.9033
0.3387379202452914 -0.059119231045774545 2.4387379202452912 1.0 0.0 0.0 0.0 0.0 0.0 0.0 0.0 0.0 0.0 4.9033 4.9033 4.9033 4.9033
0.36812455268467803 -0.07022351411174865 2.568124552684678 1.0 0.0 0.0 0.0 0.0 0.0 0.0 0.0 0.0 0.0 4.9033 4.9033 4.9033 4.9033
0.3971478906347806 -0.08224537431601886 2.6971478906347808 1.0 0.0 0.0 0.0 0.0 0.0 0.0 0.0 0.0 0.0 4.9033 4.9033 4.9033 4.9033
0.4257792915650727 -0.09517294753398053 2.825779291565073 1.0 0.0 0.0 0.0 0.0 0.0 0.0 0.0 0.0 0.0 4.9033 4.9033 4.9033 4.9033
0.45399049973954675 -0.1089934758116321 2.9539904997395467 1.0 0.0 0.0 0.0 0.0 0.0 0.0 0.0 0.0 0.0 4.9033 4.9033 4.9033 4.9033
0.4817536741017153 -0.12369331995613642 3.0817536741017153 1.0 0.0 0.0 0.0 0.0 0.0 0.0 0.0 0.0 0.0 4.9033 4.9033 4.9033 4.9033
0.5090414157503713 -0.13925797299605636 3.2090414157503715 1.0 0.0 0.0 0.0 0.0 0.0 0.0 0.0 0.0 0.0 4.9033 4.9033 4.9033 4.9033
0.5358267949789967 -0.15567207449798492 3.335826794978997 1.0 0.0 0.0 0.0 0.0 0.0 0.0 0.0 0.0 0.0 4.9033 4.9033 4.9033 4.9033
0.5620833778521306 -0.17291942572543817 3.4620833778521307 1.0 0.0 0.0 0.0 0.0 0.0 0.0 0.0 0.0 0.0 4.9033 4.9033 4.9033 4.9033
0.5877852522924731 -0.19098300562505255 3.5877852522924734 1.0 0.0 0.0 0.0 0.0 0.0 0.0 0.0 0.0 0.0 4.9033 4.9033 4.9033 4.9033
0.6129070536529765 -0.2098449876243097 3.7129070536529767 1.0 0.0 0.0 0.0 0.0 0.0 0.0 0.0 0.0 0.0 4.9033 4.9033 4.9033 4.9033
0.6374239897486897 -0.22948675722421086 3.83742398974869 1.0 0.0 0.0 0.0 0.0 0.0 0.0 0.0 0.0 0.0 4.9033 4.9033 4.9033 4.9033
0.6613118653236519 -0.24988893036954052 3.961311865323652 1.0 0.0 0.0 0.0 0.0 0.0 0.0 0.0 0.0 0.0 4.9033 4.9033 4.9033 4.9033
0.6845471059286888 -0.27103137257858856 4.084547105928689 1.0 0.0 0.0 0.0 0.0 0.0 0.0 0.0 0.0 0.0 4.9033 4.9033 4.9033 4.9033
0.7071067811865475 -0.2928932188134524 4.207106781186548 1.0 0.0 0.0 0.0 0.0 0.0 0.0 0.0 0.0 0.0 4.9033 4.9033 4.9033 4.9033
0.7289686274214116 -0.3154528940713114 4.328968627421411 1.0 0.0 0.0 0.0 0.0 0.0 0.0 0.0 0.0 0.0 4.9033 4.9033 4.9033 4.9033
0.7501110696304596 -0.3386881346763482 4.450111069630459 1.0 0.0 0.0 0.0 0.0 0.0 0.0 0.0 0.0 0.0 4.9033 4.9033 4.9033 4.9033
0.7705132427757893 -0.36257601025131037 4.57051324277579 1.0 0.0 0.0 0.0 0.0 0.0 0.0 0.0 0.0 0.0 4.9033 4.9033 4.9033 4.9033
0.7901550123756904 -0.3870929463470235 4.6901550123756905 1.0 0.0 0.0 0.0 0.0 0.0 0.0 0.0 0.0 0.0 4.9033 4.9033 4.9033 4.9033
0.8090169943749475 -0.41221474770752686 4.8090169943749475 1.0 0.0 0.0 0.0 0.0 0.0 0.0 0.0 0.0 0.0 4.9033 4.9033 4.9033 4.9033
0.8270805742745618 -0.4379166221478694 4.927080574274562 1.0 0.0 0.0 0.0 0.0 0.0 0.0 0.0 0.0 0.0 4.9033 4.9033 4.9033 4.9033
0.8443279255020151 -0.46417320502100345 5.0443279255020155 1.0 0.0 0.0 0.0 0.0 0.0 0.0 0.0 0.0 0.0 4.9033 4.9033 4.9033 4.9033
0.8607420270039436 -0.4909585842496288 5.160742027003944 1.0 0.0 0.0 0.0 0.0 0.0 0.0 0.0 0.0 0.0 4.9033 4.9033 4.9033 4.9033
0.8763066800438637 -0.5182463258982848 5.276306680043864 1.0 0.0 0.0 0.0 0.0 0.0 0.0 0.0 0.0 0.0 4.9033 4.9033 4.9033 4.9033
0.8910065241883678 -0.5460095002604533 5.391006524188368 1.0 0.0 0.0 0.0 0.0 0.0 0.0 0.0 0.0 0.0 4.9033 4.9033 4.9033 4.9033
0.9048270524660196 -0.5742207084349273 5.50482705246602 1.0 0.0 0.0 0.0 0.0 0.0 0.0 0.0 0.0 0.0 4.9033 4.9033 4.9033 4.9033
0.9177546256839811 -0.6028521093652195 5.617754625683982 1.0 0.0 0.0 0.0 0.0 0.0 0.0 0.0 0.0 0.0 4.9033 4.9033 4.9033 4.9033
0.9297764858882513 -0.6318754473153219 5.729776485888252 1.0 0.0 0.0 0.0 0.0 0.0 0.0 0.0 0.0 0.0 4.9033 4.9033 4.9033 4.9033
0.9408807689542255 -0.6612620797547085 5.840880768954226 1.0 0.0 0.0 0.0 0.0 0.0 0.0 0.0 0.0 0.0 4.9033 4.9033 4.9033 4.9033
0.9510565162951535 -0.6909830056250525 5.951056516295154 1.0 0.0 0.0 0.0 0.0 0.0 0.0 0.0 0.0 0.0 4.9033 4.9033 4.9033 4.9033
0.9602936856769431 -0.7210088939607707 6.060293685676943 1.0 0.0 0.0 0.0 0.0 0.0 0.0 0.0 0.0 0.0 4.9033 4.9033 4.9033 4.9033
0.9685831611286311 -0.7513101128351453 6.168583161128631 1.0 0.0 0.0 0.0 0.0 0.0 0.0 0.0 0.0 0.0 4.9033 4.9033 4.9033 4.9033
0.9759167619387473 -0.7818567586034573 6.275916761938747 1.0 0.0 0.0 0.0 0.0 0.0 0.0 0.0 0.0 0.0 4.9033 4.9033 4.9033 4.9033
0.9822872507286887 -0.8126186854142755 6.382287250728689 1.0 0.0 0.0 0.0 0.0 0.0 0.0 0.0 0.0 0.0 4.9033 4.9033 4.9033 4.9033
0.9876883405951378 -0.843565534959769 6.487688340595138 1.0 0.0 0.0 0.0 0.0 0.0 0.0 0.0 0.0 0.0 4.9033 4.9033 4.9033 4.9033
0.9921147013144779 -0.874666766435696 6.592114701314478 1.0 0.0 0.0 0.0 0.0 0.0 0.0 0.0 0.0 0.0 4.9033 4.9033 4.9033 4.9033
0.99556196460308 -0.9058916866814857 6.69556196460308 1.0 0.0 0.0 0.0 0.0 0.0 0.0 0.0 0.0 0.0 4.9033 4.9033 4.9033 4.9033
0.9980267284282716 -0.937209480470687 6.7980267284282725 1.0 0.0 0.0 0.0 0.0 0.0 0.0 0.0 0.0 0.0 4.9033 4.9033 4.9033 4.9033
0.9995065603657316 -0.9685892409218718 6.899506560365732 1.0 0.0 0.0 0.0 0.0 0.0 0.0 0.0 0.0 0.0 4.9033 4.9033 4.9033 4.9033
1.0 -0.9999999999999999 7.0 1.0 0.0 0.0 0.0 0.0 0.0 0.0 0.0 0.0 0.0 4.9033 4.9033 4.9033 4.9033
0.9995065603657316 -1.0314107590781283 7.099506560365732 1.0 0.0 0.0 0.0 0.0 0.0 0.0 0.0 0.0 0.0 4.9033 4.9033 4.9033 4.9033
0.9980267284282716 -1.0627905195293135 7.198026728428272 1.0 0.0 0.0 0.0 0.0 0.0 0.0 0.0 0.0 0.0 4.9033 4.9033 4.9033 4.9033
0.99556196460308 -1.0941083133185143 7.295561964603081 1.0 0.0 0.0 0.0 0.0 0.0 0.0 0.0 0.0 0.0 4.9033 4.9033 4.9033 4.9033
0.9921147013144778 -1.1253332335643043 7.392114701314478 1.0 0.0 0.0 0.0 0.0 0.0 0.0 0.0 0.0 0.0 4.9033 4.9033 4.9033 4.9033
0.9876883405951377 -1.156434465040231 7.487688340595137 1.0 0.0 0.0 0.0 0.0 0.0 0.0 0.0 0.0 0.0 4.9033 4.9033 4.9033 4.9033
0.9822872507286886 -1.1873813145857248 7.582287250728689 1.0 0.0 0.0 0.0 0.0 0.0 0.0 0.0 0.0 0.0 4.9033 4.9033 4.9033 4.9033
0.9759167619387474 -1.2181432413965425 7.675916761938748 1.0 0.0 0.0 0.0 0.0 0.0 0.0 0.0 0.0 0.0 4.9033 4.9033 4.9033 4.9033
0.9685831611286311 -1.2486898871648549 7.768583161128632 1.0 0.0 0.0 0.0 0.0 0.0 0.0 0.0 0.0 0.0 4.9033 4.9033 4.9033 4.9033
0.9602936856769431 -1.2789911060392294 7.860293685676943 1.0 0.0 0.0 0.0 0.0 0.0 0.0 0.0 0.0 0.0 4.9033 4.9033 4.9033 4.9033
0.9510565162951536 -1.3090169943749475 7.951056516295154 1.0 0.0 0.0 0.0 0.0 0.0 0.0 0.0 0.0 0.0 4.9033 4.9033 4.9033 4.9033
0.9408807689542255 -1.3387379202452916 8.040880768954226 1.0 0.0 0.0 0.0 0.0 0.0 0.0 0.0 0.0 0.0 4.9033 4.9033 4.9033 4.9033
0.9297764858882513 -1.368124552684678 8.129776485888252 1.0 0.0 0.0 0.0 0.0 0.0 0.0 0.0 0.0 0.0 4.9033 4.9033 4.9033 4.9033
0.917754625683981 -1.397147890634781 8.217754625683982 1.0 0.0 0.0 0.0 0.0 0.0 0.0 0.0 0.0 0.0 4.9033 4.9033 4.9033 4.9033
0.9048270524660195 -1.4257792915650727 8.30482705246602 1.0 0.0 0.0 0.0 0.0 0.0 0.0 0.0 0.0 0.0 4.9033 4.9033 4.9033 4.9033
0.8910065241883679 -1.4539904997395467 8.391006524188368 1.0 0.0 0.0 0.0 0.0 0.0 0.0 0.0 0.0 0.0 4.9033 4.9033 4.9033 4.9033
0.8763066800438635 -1.4817536741017154 8.476306680043864 1.0 0.0 0.0 0.0 0.0 0.0 0.0 0.0 0.0 0.0 4.9033 4.9033 4.9033 4.9033
0.8607420270039436 -1.5090414157503713 8.560742027003943 1.0 0.0 0.0 0.0 0.0 0.0 0.0 0.0 0.0 0.0 4.9033 4.9033 4.9033 4.9033
0.844327925502015 -1.535826794978997 8.644327925502015 1.0 0.0 0.0 0.0 0.0 0.0 0.0 0.0 0.0 0.0 4.9033 4.9033 4.9033 4.9033
0.8270805742745617 -1.5620833778521308 8.727080574274563 1.0 0.0 0.0 0.0 0.0 0.0 0.0 0.0 0.0 0.0 4.9033 4.9033 4.9033 4.9033
0.8090169943749475 -1.587785252292473 8.809016994374947 1.0 0.0 0.0 0.0 0.0 0.0 0.0 0.0 0.0 0.0 4.9033 4.9033 4.9033 4.9033
0.7901550123756903 -1.6129070536529766 8.89015501237569 1.0 0.0 0.0 0.0 0.0 0.0 0.0 0.0 0.0 0.0 4.9033 4.9033 4.9033 4.9033
0.7705132427757893 -1.6374239897486897 8.97051324277579 1.0 0.0 0.0 0.0 0.0 0.0 0.0 0.0 0.0 0.0 4.9033 4.9033 4.9033 4.9033
0.7501110696304594 -1.661311865323652 9.05011106963046 1.0 0.0 0.0 0.0 0.0 0.0 0.0 0.0 0.0 0.0 4.9033 4.9033 4.9033 4.9033
0.7289686274214114 -1.6845471059286887 9.128968627421411 1.0 0.0 0.0 0.0 0.0 0.0 0.0 0.0 0.0 0.0 4.9033 4.9033 4.9033 4.9033
0.7071067811865476 -1.7071067811865475 9.207106781186548 1.0 0.0 0.0 0.0 0.0 0.0 0.0 0.0 0.0 0.0 4.9033 4.9033 4.9033 4.9033
0.6845471059286888 -1.7289686274214113 9.28454710592869 1.0 0.0 0.0 0.0 0.0 0.0 0.0 0.0 0.0 0.0 4.9033 4.9033 4.9033 4.9033
0.6613118653236518 -1.7501110696304596 9.361311865323652 1.0 0.0 0.0 0.0 0.0 0.0 0.0 0.0 0.0 0.0 4.9033 4.9033 4.9033 4.9033
0.6374239897486899 -1.770513242775789 9.437423989748691 1.0 0.0 0.0 0.0 0.0 0.0 0.0 0.0 0.0 0.0 4.9033 4.9033 4.9033 4.9033
0.6129070536529764 -1.7901550123756904 9.512907053652977 1.0 0.0 0.0 0.0 0.0 0.0 0.0 0.0 0.0 0.0 4.9033 4.9033 4.9033 4.9033
0.5877852522924732 -1.8090169943749475 9.587785252292473 1.0 0.0 0.0 0.0 0.0 0.0 0.0 0.0 0.0 0.0 4.9033 4.9033 4.9033 4.9033
0.5620833778521308 -1.8270805742745617 9.662083377852131 1.0 0.0 0.0 0.0 0.0 0.0 0.0 0.0 0.0 0.0 4.9033 4.9033 4.9033 4.9033
0.5358267949789967 -1.844327925502015 9.735826794978998 1.0 0.0 0.0 0.0 0.0 0.0 0.0 0.0 0.0 0.0 4.9033 4.9033 4.9033 4.9033
0.5090414157503711 -1.8607420270039436 9.809041415750372 1.0 0.0 0.0 0.0 0.0 0.0 0.0 0.0 0.0 0.0 4.9033 4.9033 4.9033 4.9033
0.4817536741017152 -1.8763066800438635 9.881753674101716 1.0 0.0 0.0 0.0 0.0 0.0 0.0 0.0 0.0 0.0 4.9033 4.9033 4.9033 4.9033
0.45399049973954686 -1.8910065241883678 9.953990499739547 1.0 0.0 0.0 0.0 0.0 0.0 0.0 0.0 0.0 0.0 4.9033 4.9033 4.9033 4.9033
0.4257792915650729 -1.9048270524660194 10.025779291565073 1.0 0.0 0.0 0.0 0.0 0.0 0.0 0.0 0.0 0.0 4.9033 4.9033 4.9033 4.9033
0.39714789063478023 -1.9177546256839815 10.097147890634782 1.0 0.0 0.0 0.0 0.0 0.0 0.0 0.0 0.0 0.0 4.9033 4.9033 4.9033 4.9033
0.36812455268467775 -1.9297764858882513 10.168124552684679 1.0 0.0 0.0 0.0 0.0 0.0 0.0 0.0 0.0 0.0 4.9033 4.9033 4.9033 4.9033
0.3387379202452913 -1.9408807689542256 10.238737920245292 1.0 0.0 0.0 0.0 0.0 0.0 0.0 0.0 0.0 0.0 4.9033 4.9033 4.9033 4.9033
0.3090169943749475 -1.9510565162951536 10.309016994374948 1.0 0.0 0.0 0.0 0.0 0.0 0.0 0.0 0.0 0.0 4.9033 4.9033 4.9033 4.9033
0.27899110603922955 -1.9602936856769428 10.37899110603923 1.0 0.0 0.0 0.0 0.0 0.0 0.0 0.0 0.0 0.0 4.9033 4.9033 4.9033 4.9033
0.24868988716485438 -1.968583161128631 10.448689887164855 1.0 0.0 0.0 0.0 0.0 0.0 0.0 0.0 0.0 0.0 4.9033 4.9033 4.9033 4.9033
0.21814324139654231 -1.9759167619387474 10.518143241396544 1.0 0.0 0.0 0.0 0.0 0.0 0.0 0.0 0.0 0.0 4.9033 4.9033 4.9033 4.9033
0.18738131458572457 -1.9822872507286888 10.587381314585725 1.0 0.0 0.0 0.0 0.0 0.0 0.0 0.0 0.0 0.0 4.9033 4.9033 4.9033 4.9033
0.15643446504023098 -1.9876883405951378 10.656434465040231 1.0 0.0 0.0 0.0 0.0 0.0 0.0 0.0 0.0 0.0 4.9033 4.9033 4.9033 4.9033
0.12533323356430365 -1.992114701314478 10.725333233564305 1.0 0.0 0.0 0.0 0.0 0.0 0.0 0.0 0.0 0.0 4.9033 4.9033 4.9033 4.9033
0.09410831331851435 -1.99556196460308 10.794108313318516 1.0 0.0 0.0 0.0 0.0 0.0 0.0 0.0 0.0 0.0 4.9033 4.9033 4.9033 4.9033
0.06279051952931314 -1.9980267284282716 10.862790519529314 1.0 0.0 0.0 0.0 0.0 0.0 0.0 0.0 0.0 0.0 4.9033 4.9033 4.9033 4.9033
0.031410759078128236 -1.9995065603657316 10.931410759078128 1.0 0.0 0.0 0.0 0.0 0.0 0.0 0.0 0.0 0.0 4.9033 4.9033 4.9033 4.9033
1.2246467991473532e-16 -2.0 11.0 1.0 0.0 0.0 0.0 0.0 0.0 0.0 0.0 0.0 0.0 4.9033 4.9033 4.9033 4.9033
-0.03141075907812888 -1.9995065603657314 11.068589240921872 1.0 0.0 0.0 0.0 0.0 0.0 0.0 0.0 0.0 0.0 4.9033 4.9033 4.9033 4.9033
-0.06279051952931335 -1.9980267284282716 11.137209480470688 1.0 0.0 0.0 0.0 0.0 0.0 0.0 0.0 0.0 0.0 4.9033 4.9033 4.9033 4.9033
-0.0941083133185141 -1.99556196460308 11.205891686681486 1.0 0.0 0.0 0.0 0.0 0.0 0.0 0.0 0.0 0.0 4.9033 4.9033 4.9033 4.9033
-0.12533323356430429 -1.992114701314478 11.274666766435695 1.0 0.0 0.0 0.0 0.0 0.0 0.0 0.0 0.0 0.0 4.9033 4.9033 4.9033 4.9033
-0.15643446504023073 -1.9876883405951378 11.343565534959769 1.0 0.0 0.0 0.0 0.0 0.0 0.0 0.0 0.0 0.0 4.9033 4.9033 4.9033 4.9033
-0.18738131458572477 -1.9822872507286886 11.412618685414277 1.0 0.0 0.0 0.0 0.0 0.0 0.0 0.0 0.0 0.0 4.9033 4.9033 4.9033 4.9033
-0.2181432413965425 -1.9759167619387474 11.481856758603458 1.0 0.0 0.0 0.0 0.0 0.0 0.0 0.0 0.0 0.0 4.9033 4.9033 4.9033 4.9033
-0.24868988716485502 -1.968583161128631 11.551310112835147 1.0 0.0 0.0 0.0 0.0 0.0 0.0 0.0 0.0 0.0 4.9033 4.9033 4.9033 4.9033
-0.2789911060392293 -1.960293685676943 11.621008893960772 1.0 0.0 0.0 0.0 0.0 0.0 0.0 0.0 0.0 0.0 4.9033 4.9033 4.9033 4.9033
-0.30901699437494773 -1.9510565162951536 11.690983005625052 1.0 0.0 0.0 0.0 0.0 0.0 0.0 0.0 0.0 0.0 4.9033 4.9033 4.9033 4.9033
-0.3387379202452915 -1.9408807689542256 11.76126207975471 1.0 0.0 0.0 0.0 0.0 0.0 0.0 0.0 0.0 0.0 4.9033 4.9033 4.9033 4.9033
-0.3681245526846783 -1.9297764858882513 11.831875447315323 1.0 0.0 0.0 0.0 0.0 0.0 0.0 0.0 0.0 0.0 4.9033 4.9033 4.9033 4.9033
-0.3971478906347808 -1.917754625683981 11.90285210936522 1.0 0.0 0.0 0.0 0.0 0.0 0.0 0.0 0.0 0.0 4.9033 4.9033 4.9033 4.9033
-0.42577929156507266 -1.9048270524660196 11.974220708434927 1.0 0.0 0.0 0.0 0.0 0.0 0.0 0.0 0.0 0.0 4.9033 4.9033 4.9033 4.9033
-0.45399049973954625 -1.8910065241883682 12.046009500260453 1.0 0.0 0.0 0.0 0.0 0.0 0.0 0.0 0.0 0.0 4.9033 4.9033 4.9033 4.9033
-0.4817536741017154 -1.8763066800438635 12.118246325898285 1.0 0.0 0.0 0.0 0.0 0.0 0.0 0.0 0.0 0.0 4.9033 4.9033 4.9033 4.9033
-0.5090414157503717 -1.8607420270039434 12.19095858424963 1.0 0.0 0.0 0.0 0.0 0.0 0.0 0.0 0.0 0.0 4.9033 4.9033 4.9033 4.9033
-0.5358267949789968 -1.8443279255020149 12.264173205021004 1.0 0.0 0.0 0.0 0.0 0.0 0.0 0.0 0.0 0.0 4.9033 4.9033 4.9033 4.9033
-0.5620833778521303 -1.8270805742745622 12.33791662214787 1.0 0.0 0.0 0.0 0.0 0.0 0.0 0.0 0.0 0.0 4.9033 4.9033 4.9033 4.9033
-0.587785252292473 -1.8090169943749475 12.412214747707527 1.0 0.0 0.0 0.0 0.0 0.0 0.0 0.0 0.0 0.0 4.9033 4.9033 4.9033 4.9033
-0.6129070536529769 -1.79015501237569 12.487092946347024 1.0 0.0 0.0 0.0 0.0 0.0 0.0 0.0 0.0 0.0 4.9033 4.9033 4.9033 4.9033
-0.63742398974869 -1.770513242775789 12.56257601025131 1.0 0.0 0.0 0.0 0.0 0.0 0.0 0.0 0.0 0.0 4.9033 4.9033 4.9033 4.9033
-0.6613118653236517 -1.7501110696304596 12.638688134676348 1.0 0.0 0.0 0.0 0.0 0.0 0.0 0.0 0.0 0.0 4.9033 4.9033 4.9033 4.9033
-0.6845471059286887 -1.7289686274214116 12.715452894071312 1.0 0.0 0.0 0.0 0.0 0.0 0.0 0.0 0.0 0.0 4.9033 4.9033 4.9033 4.9033
-0.7071067811865475 -1.7071067811865477 12.792893218813452 1.0 0.0 0.0 0.0 0.0 0.0 0.0 0.0 0.0 0.0 4.9033 4.9033 4.9033 4.9033
-0.7289686274214119 -1.6845471059286883 12.871031372578589 1.0 0.0 0.0 0.0 0.0 0.0 0.0 0.0 0.0 0.0 4.9033 4.9033 4.9033 4.9033
-0.7501110696304595 -1.6613118653236518 12.949888930369541 1.0 0.0 0.0 0.0 0.0 0.0 0.0 0.0 0.0 0.0 4.9033 4.9033 4.9033 4.9033
-0.7705132427757894 -1.6374239897486895 13.02948675722421 1.0 0.0 0.0 0.0 0.0 0.0 0.0 0.0 0.0 0.0 4.9033 4.9033 4.9033 4.9033
-0.7901550123756904 -1.6129070536529766 13.10984498762431 1.0 0.0 0.0 0.0 0.0 0.0 0.0 0.0 0.0 0.0 4.9033 4.9033 4.9033 4.9033
-0.8090169943749473 -1.5877852522924734 13.190983005625053 1.0 0.0 0.0 0.0 0.0 0.0 0.0 0.0 0.0 0.0 4.9033 4.9033 4.9033 4.9033
-0.8270805742745616 -1.5620833778521308 13.27291942572544 1.0 0.0 0.0 0.0 0.0 0.0 0.0 0.0 0.0 0.0 4.9033 4.9033 4.9033 4.9033
-0.8443279255020153 -1.5358267949789963 13.355672074497985 1.0 0.0 0.0 0.0 0.0 0.0 0.0 0.0 0.0 0.0 4.9033 4.9033 4.9033 4.9033
-0.8607420270039438 -1.509041415750371 13.439257972996057 1.0 0.0 0.0 0.0 0.0 0.0 0.0 0.0 0.0 0.0 4.9033 4.9033 4.9033 4.9033
-0.8763066800438636 -1.4817536741017152 13.523693319956136 1.0 0.0 0.0 0.0 0.0 0.0 0.0 0.0 0.0 0.0 4.9033 4.9033 4.9033 4.9033
-0.8910065241883678 -1.453990499739547 13.608993475811632 1.0 0.0 0.0 0.0 0.0 0.0 0.0 0.0 0.0 0.0 4.9033 4.9033 4.9033 4.9033
-0.9048270524660198 -1.4257792915650722 13.695172947533981 1.0 0.0 0.0 0.0 0.0 0.0 0.0 0.0 0.0 0.0 4.9033 4.9033 4.9033 4.9033
-0.9177546256839813 -1.3971478906347803 13.78224537431602 1.0 0.0 0.0 0.0 0.0 0.0 0.0 0.0 0.0 0.0 4.9033 4.9033 4.9033 4.9033
-0.9297764858882515 -1.368124552684678 13.87022351411175 1.0 0.0 0.0 0.0 0.0 0.0 0.0 0.0 0.0 0.0 4.9033 4.9033 4.9033 4.9033
-0.9408807689542255 -1.3387379202452914 13.959119231045776 1.0 0.0 0.0 0.0 0.0 0.0 0.0 0.0 0.0 0.0 4.9033 4.9033 4.9033 4.9033
-0.9510565162951535 -1.3090169943749475 14.048943483704846 1.0 0.0 0.0 0.0 0.0 0.0 0.0 0.0 0.0 0.0 4.9033 4.9033 4.9033 4.9033
-0.9602936856769432 -1.2789911060392287 14.139706314323059 1.0 0.0 0.0 0.0 0.0 0.0 0.0 0.0 0.0 0.0 4.9033 4.9033 4.9033 4.9033
-0.9685831611286312 -1.2486898871648544 14.23141683887137 1.0 0.0 0.0 0.0 0.0 0.0 0.0 0.0 0.0 0.0 4.9033 4.9033 4.9033 4.9033
-0.9759167619387474 -1.2181432413965423 14.324083238061252 1.0 0.0 0.0 0.0 0.0 0.0 0.0 0.0 0.0 0.0 4.9033 4.9033 4.9033 4.9033
-0.9822872507286887 -1.1873813145857246 14.417712749271312 1.0 0.0 0.0 0.0 0.0 0.0 0.0 0.0 0.0 0.0 4.9033 4.9033 4.9033 4.9033
-0.9876883405951377 -1.156434465040231 14.512311659404862 1.0 0.0 0.0 0.0 0.0 0.0 0.0 0.0 0.0 0.0 4.9033 4.9033 4.9033 4.9033
-0.9921147013144779 -1.1253332335643038 14.607885298685524 1.0 0.0 0.0 0.0 0.0 0.0 0.0 0.0 0.0 0.0 4.9033 4.9033 4.9033 4.9033
-0.99556196460308 -1.0941083133185139 14.70443803539692 1.0 0.0 0.0 0.0 0.0 0.0 0.0 0.0 0.0 0.0 4.9033 4.9033 4.9033 4.9033
-0.9980267284282716 -1.0627905195293132 14.801973271571729 1.0 0.0 0.0 0.0 0.0 0.0 0.0 0.0 0.0 0.0 4.9033 4.9033 4.9033 4.9033
-0.9995065603657316 -1.0314107590781283 14.90049343963427 1.0 0.0 0.0 0.0 0.0 0.0 0.0 0.0 0.0 0.0 4.9033 4.9033 4.9033 4.9033
-1.0 -1.0000000000000002 15.0 1.0 0.0 0.0 0.0 0.0 0.0 0.0 0.0 0.0 0.0 4.9033 4.9033 4.9033 4.9033
-0.9995065603657315 -0.9685892409218712 15.10049343963427 1.0 0.0 0.0 0.0 0.0 0.0 0.0 0.0 0.0 0.0 4.9033 4.9033 4.9033 4.9033
-0.9980267284282716 -0.9372094804706872 15.20197327157173 1.0 0.0 0.0 0.0 0.0 0.0 0.0 0.0 0.0 0.0 4.9033 4.9033 4.9033 4.9033
-0.99556196460308 -0.9058916866814855 15.30443803539692 1.0 0.0 0.0 0.0 0.0 0.0 0.0 0.0 0.0 0.0 4.9033 4.9033 4.9033 4.9033
-0.9921147013144779 -0.8746667664356957 15.407885298685523 1.0 0.0 0.0 0.0 0.0 0.0 0.0 0.0 0.0 0.0 4.9033 4.9033 4.9033 4.9033
-0.9876883405951378 -0.8435655349597693 15.512311659404862 1.0 0.0 0.0 0.0 0.0 0.0 0.0 0.0 0.0 0.0 4.9033 4.9033 4.9033 4.9033
-0.9822872507286887 -0.8126186854142757 15.617712749271313 1.0 0.0 0.0 0.0 0.0 0.0 0.0 0.0 0.0 0.0 4.9033 4.9033 4.9033 4.9033
-0.9759167619387473 -0.781856758603457 15.724083238061255 1.0 0.0 0.0 0.0 0.0 0.0 0.0 0.0 0.0 0.0 4.9033 4.9033 4.9033 4.9033
-0.9685831611286311 -0.751310112835145 15.83141683887137 1.0 0.0 0.0 0.0 0.0 0.0 0.0 0.0 0.0 0.0 4.9033 4.9033 4.9033 4.9033
-0.9602936856769431 -0.7210088939607708 15.939706314323058 1.0 0.0 0.0 0.0 0.0 0.0 0.0 0.0 0.0 0.0 4.9033 4.9033 4.9033 4.9033
-0.9510565162951536 -0.6909830056250528 16.048943483704846 1.0 0.0 0.0 0.0 0.0 0.0 0.0 0.0 0.0 0.0 4.9033 4.9033 4.9033 4.9033
-0.9408807689542253 -0.6612620797547082 16.15911923104578 1.0 0.0 0.0 0.0 0.0 0.0 0.0 0.0 0.0 0.0 4.9033 4.9033 4.9033 4.9033
-0.9297764858882516 -0.6318754473153225 16.27022351411175 1.0 0.0 0.0 0.0 0.0 0.0 0.0 0.0 0.0 0.0 4.9033 4.9033 4.9033 4.9033
-0.917754625683981 -0.6028521093652193 16.38224537431602 1.0 0.0 0.0 0.0 0.0 0.0 0.0 0.0 0.0 0.0 4.9033 4.9033 4.9033 4.9033
-0.9048270524660196 -0.5742207084349273 16.49517294753398 1.0 0.0 0.0 0.0 0.0 0.0 0.0 0.0 0.0 0.0 4.9033 4.9033 4.9033 4.9033
-0.891006524188368 -0.5460095002604534 16.60899347581163 1.0 0.0 0.0 0.0 0.0 0.0 0.0 0.0 0.0 0.0 4.9033 4.9033 4.9033 4.9033
-0.8763066800438634 -0.5182463258982843 16.72369331995614 1.0 0.0 0.0 0.0 0.0 0.0 0.0 0.0 0.0 0.0 4.9033 4.9033 4.9033 4.9033
-0.860742027003944 -0.4909585842496291 16.839257972996055 1.0 0.0 0.0 0.0 0.0 0.0 0.0 0.0 0.0 0.0 4.9033 4.9033 4.9033 4.9033
-0.844327925502015 -0.46417320502100323 16.955672074497986 1.0 0.0 0.0 0.0 0.0 0.0 0.0 0.0 0.0 0.0 4.9033 4.9033 4.9033 4.9033
-0.8270805742745618 -0.4379166221478694 17.07291942572544 1.0 0.0 0.0 0.0 0.0 0.0 0.0 0.0 0.0 0.0 4.9033 4.9033 4.9033 4.9033
-0.8090169943749476 -0.4122147477075271 17.190983005625053 1.0 0.0 0.0 0.0 0.0 0.0 0.0 0.0 0.0 0.0 4.9033 4.9033 4.9033 4.9033
-0.7901550123756901 -0.38709294634702307 17.309844987624313 1.0 0.0 0.0 0.0 0.0 0.0 0.0 0.0 0.0 0.0 4.9033 4.9033 4.9033 4.9033
-0.7705132427757896 -0.3625760102513107 17.42948675722421 1.0 0.0 0.0 0.0 0.0 0.0 0.0 0.0 0.0 0.0 4.9033 4.9033 4.9033 4.9033
-0.7501110696304595 -0.33868813467634806 17.54988893036954 1.0 0.0 0.0 0.0 0.0 0.0 0.0 0.0 0.0 0.0 4.9033 4.9033 4.9033 4.9033
-0.7289686274214109 -0.3154528940713107 17.67103137257859 1.0 0.0 0.0 0.0 0.0 0.0 0.0 0.0 0.0 0.0 4.9033 4.9033 4.9033 4.9033
-0.7071067811865477 -0.29289321881345265 17.792893218813454 1.0 0.0 0.0 0.0 0.0 0.0 0.0 0.0 0.0 0.0 4.9033 4.9033 4.9033 4.9033
-0.6845471059286883 -0.2710313725785881 17.915452894071315 1.0 0.0 0.0 0.0 0.0 0.0 0.0 0.0 0.0 0.0 4.9033 4.9033 4.9033 4.9033
-0.6613118653236523 -0.24988893036954085 18.03868813467635 1.0 0.0 0.0 0.0 0.0 0.0 0.0 0.0 0.0 0.0 4.9033 4.9033 4.9033 4.9033
-0.6374239897486896 -0.22948675722421064 18.16257601025131 1.0 0.0 0.0 0.0 0.0 0.0 0.0 0.0 0.0 0.0 4.9033 4.9033 4.9033 4.9033
-0.6129070536529758 -0.20984498762430914 18.287092946347027 1.0 0.0 0.0 0.0 0.0 0.0 0.0 0.0 0.0 0.0 4.9033 4.9033 4.9033 4.9033
-0.5877852522924734 -0.19098300562505266 18.412214747707527 1.0 0.0 0.0 0.0 0.0 0.0 0.0 0.0 0.0 0.0 4.9033 4.9033 4.9033 4.9033
-0.5620833778521309 -0.1729194257254384 18.537916622147872 1.0 0.0 0.0 0.0 0.0 0.0 0.0 0.0 0.0 0.0 4.9033 4.9033 4.9033 4.9033
-0.5358267949789971 -0.15567207449798526 18.664173205021 1.0 0.0 0.0 0.0 0.0 0.0 0.0 0.0 0.0 0.0 4.9033 4.9033 4.9033 4.9033
-0.5090414157503712 -0.13925797299605625 18.79095858424963 1.0 0.0 0.0 0.0 0.0 0.0 0.0 0.0 0.0 0.0 4.9033 4.9033 4.9033 4.9033
-0.48175367410171455 -0.12369331995613597 18.918246325898288 1.0 0.0 0.0 0.0 0.0 0.0 0.0 0.0 0.0 0.0 4.9033 4.9033 4.9033 4.9033
-0.45399049973954697 -0.10899347581163221 19.046009500260453 1.0 0.0 0.0 0.0 0.0 0.0 0.0 0.0 0.0 0.0 4.9033 4.9033 4.9033 4.9033
-0.4257792915650722 -0.09517294753398031 19.17422070843493 1.0 0.0 0.0 0.0 0.0 0.0 0.0 0.0 0.0 0.0 4.9033 4.9033 4.9033 4.9033
-0.3971478906347812 -0.08224537431601908 19.30285210936522 1.0 0.0 0.0 0.0 0.0 0.0 0.0 0.0 0.0 0.0 4.9033 4.9033 4.9033 4.9033
-0.36812455268467786 -0.07022351411174854 19.431875447315324 1.0 0.0 0.0 0.0 0.0 0.0 0.0 0.0 0.0 0.0 4.9033 4.9033 4.9033 4.9033
-0.3387379202452914 -0.059119231045774545 19.561262079754712 1.0 0.0 0.0 0.0 0.0 0.0 0.0 0.0 0.0 0.0 4.9033 4.9033 4.9033 4.9033
-0.3090169943749476 -0.04894348370484647 19.690983005625053 1.0 0.0 0.0 0.0 0.0 0.0 0.0 0.0 0.0 0.0 4.9033 4.9033 4.9033 4.9033
-0.2789911060392288 -0.039706314323056824 19.821008893960773 1.0 0.0 0.0 0.0 0.0 0.0 0.0 0.0 0.0 0.0 4.9033 4.9033 4.9033 4.9033
-0.24868988716485363 -0.03141683887136859 19.95131011283515 1.0 0.0 0.0 0.0 0.0 0.0 0.0 0.0 0.0 0.0 4.9033 4.9033 4.9033 4.9033
-0.21814324139654243 -0.024083238061252565 20.081856758603458 1.0 0.0 0.0 0.0 0.0 0.0 0.0 0.0 0.0 0.0 4.9033 4.9033 4.9033 4.9033
-0.18738131458572468 -0.01771274927131128 20.212618685414277 1.0 0.0 0.0 0.0 0.0 0.0 0.0 0.0 0.0 0.0 4.9033 4.9033 4.9033 4.9033
-0.15643446504023112 -0.01231165940486234 20.34356553495977 1.0 0.0 0.0 0.0 0.0 0.0 0.0 0.0 0.0 0.0 4.9033 4.9033 4.9033 4.9033
-0.1253332335643038 -0.007885298685522124 20.474666766435696 1.0 0.0 0.0 0.0 0.0 0.0 0.0 0.0 0.0 0.0 4.9033 4.9033 4.9033 4.9033
-0.09410831331851403 -0.004438035396920004 20.60589168668149 1.0 0.0 0.0 0.0 0.0 0.0 0.0 0.0 0.0 0.0 4.9033 4.9033 4.9033 4.9033
-0.06279051952931326 -0.001973271571728441 20.73720948047069 1.0 0.0 0.0 0.0 0.0 0.0 0.0 0.0 0.0 0.0 4.9033 4.9033 4.9033 4.9033
-0.03141075907812747 -0.0004934396342684 20.868589240921875 1.0 0.0 0.0 0.0 0.0 0.0 0.0 0.0 0.0 0.0 4.9033 4.9033 4.9033 4.9033
-2.4492935982947064e-16 0.0 21.0 1.0 0.0 0.0 0.0 0.0 0.0 0.0 0.0 0.0 0.0 4.9033 4.9033 4.9033 4.9033
0.03141075907812876 -0.000493439634268511 21.13141075907813 1.0 0.0 0.0 0.0 0.0 0.0 0.0 0.0 0.0 0.0 4.9033 4.9033 4.9033 4.9033
0.06279051952931455 -0.001973271571728552 21.262790519529318 1.0 0.0 0.0 0.0 0.0 0.0 0.0 0.0 0.0 0.0 4.9033 4.9033 4.9033 4.9033
0.09410831331851442 -0.004438035396920004 21.394108313318515 1.0 0.0 0.0 0.0 0.0 0.0 0.0 0.0 0.0 0.0 4.9033 4.9033 4.9033 4.9033
0.12533323356430418 -0.007885298685522124 21.525333233564307 1.0 0.0 0.0 0.0 0.0 0.0 0.0 0.0 0.0 0.0 4.9033 4.9033 4.9033 4.9033
0.15643446504022973 -0.012311659404862119 21.65643446504023 1.0 0.0 0.0 0.0 0.0 0.0 0.0 0.0 0.0 0.0 4.9033 4.9033 4.9033 4.9033
0.1873813145857242 -0.01771274927131128 21.787381314585726 1.0 0.0 0.0 0.0 0.0 0.0 0.0 0.0 0.0 0.0 4.9033 4.9033 4.9033 4.9033
0.21814324139654281 -0.024083238061252676 21.918143241396546 1.0 0.0 0.0 0.0 0.0 0.0 0.0 0.0 0.0 0.0 4.9033 4.9033 4.9033 4.9033
0.24868988716485488 -0.031416838871368924 22.048689887164855 1.0 0.0 0.0 0.0 0.0 0.0 0.0 0.0 0.0 0.0 4.9033 4.9033 4.9033 4.9033
0.27899110603923005 -0.03970631432305716 22.17899110603923 1.0 0.0 0.0 0.0 0.0 0.0 0.0 0.0 0.0 0.0 4.9033 4.9033 4.9033 4.9033
0.3090169943749472 -0.04894348370484636 22.309016994374947 1.0 0.0 0.0 0.0 0.0 0.0 0.0 0.0 0.0 0.0 4.9033 4.9033 4.9033 4.9033
0.3387379202452918 -0.059119231045774656 22.438737920245295 1.0 0.0 0.0 0.0 0.0 0.0 0.0 0.0 0.0 0.0 4.9033 4.9033 4.9033 4.9033
0.3681245526846782 -0.07022351411174865 22.56812455268468 1.0 0.0 0.0 0.0 0.0 0.0 0.0 0.0 0.0 0.0 4.9033 4.9033 4.9033 4.9033
0.3971478906347799 -0.08224537431601853 22.69714789063478 1.0 0.0 0.0 0.0 0.0 0.0 0.0 0.0 0.0 0.0 4.9033 4.9033 4.9033 4.9033
0.42577929156507255 -0.09517294753398042 22.825779291565073 1.0 0.0 0.0 0.0 0.0 0.0 0.0 0.0 0.0 0.0 4.9033 4.9033 4.9033 4.9033
0.4539904997395466 -0.10899347581163199 22.953990499739547 1.0 0.0 0.0 0.0 0.0 0.0 0.0 0.0 0.0 0.0 4.9033 4.9033 4.9033 4.9033
0.48175367410171566 -0.12369331995613664 23.081753674101716 1.0 0.0 0.0 0.0 0.0 0.0 0.0 0.0 0.0 0.0 4.9033 4.9033 4.9033 4.9033
0.5090414157503723 -0.1392579729960569 23.209041415750374 1.0 0.0 0.0 0.0 0.0 0.0 0.0 0.0 0.0 0.0 4.9033 4.9033 4.9033 4.9033
0.5358267949789967 -0.15567207449798492 23.335826794979 1.0 0.0 0.0 0.0 0.0 0.0 0.0 0.0 0.0 0.0 4.9033 4.9033 4.9033 4.9033
0.5620833778521312 -0.1729194257254386 23.46208337785213 1.0 0.0 0.0 0.0 0.0 0.0 0.0 0.0 0.0 0.0 4.9033 4.9033 4.9033 4.9033
0.5877852522924736 -0.190983005625053 23.587785252292473 1.0 0.0 0.0 0.0 0.0 0.0 0.0 0.0 0.0 0.0 4.9033 4.9033 4.9033 4.9033
0.6129070536529762 -0.20984498762430936 23.712907053652977 1.0 0.0 0.0 0.0 0.0 0.0 0.0 0.0 0.0 0.0 4.9033 4.9033 4.9033 4.9033
0.6374239897486899 -0.22948675722421097 23.837423989748693 1.0 0.0 0.0 0.0 0.0 0.0 0.0 0.0 0.0 0.0 4.9033 4.9033 4.9033 4.9033
0.6613118653236519 -0.24988893036954052 23.96131186532365 1.0 0.0 0.0 0.0 0.0 0.0 0.0 0.0 0.0 0.0 4.9033 4.9033 4.9033 4.9033
0.6845471059286893 -0.271031372578589 24.084547105928692 1.0 0.0 0.0 0.0 0.0 0.0 0.0 0.0 0.0 0.0 4.9033 4.9033 4.9033 4.9033
0.7071067811865474 -0.2928932188134523 24.207106781186546 1.0 0.0 0.0 0.0 0.0 0.0 0.0 0.0 0.0 0.0 4.9033 4.9033 4.9033 4.9033
0.7289686274214118 -0.3154528940713116 24.328968627421414 1.0 0.0 0.0 0.0 0.0 0.0 0.0 0.0 0.0 0.0 4.9033 4.9033 4.9033 4.9033
0.7501110696304603 -0.33868813467634895 24.450111069630463 1.0 0.0 0.0 0.0 0.0 0.0 0.0 0.0 0.0 0.0 4.9033 4.9033 4.9033 4.9033
0.7705132427757893 -0.36257601025131037 24.57051324277579 1.0 0.0 0.0 0.0 0.0 0.0 0.0 0.0 0.0 0.0 4.9033 4.9033 4.9033 4.9033
0.7901550123756903 -0.3870929463470234 24.690155012375694 1.0 0.0 0.0 0.0 0.0 0.0 0.0 0.0 0.0 0.0 4.9033 4.9033 4.9033 4.9033
0.8090169943749468 -0.412214747707526 24.809016994374947 1.0 0.0 0.0 0.0 0.0 0.0 0.0 0.0 0.0 0.0 4.9033 4.9033 4.9033 4.9033
0.8270805742745616 -0.437916622147869 24.927080574274562 1.0 0.0 0.0 0.0 0.0 0.0 0.0 0.0 0.0 0.0 4.9033 4.9033 4.9033 4.9033
0.8443279255020152 -0.46417320502100357 25.044327925502017 1.0 0.0 0.0 0.0 0.0 0.0 0.0 0.0 0.0 0.0 4.9033 4.9033 4.9033 4.9033
0.8607420270039436 -0.4909585842496288 25.160742027003945 1.0 0.0 0.0 0.0 0.0 0.0 0.0 0.0 0.0 0.0 4.9033 4.9033 4.9033 4.9033
0.8763066800438639 -0.5182463258982855 25.276306680043866 1.0 0.0 0.0 0.0 0.0 0.0 0.0 0.0 0.0 0.0 4.9033 4.9033 4.9033 4.9033
0.8910065241883677 -0.546009500260453 25.391006524188366 1.0 0.0 0.0 0.0 0.0 0.0 0.0 0.0 0.0 0.0 4.9033 4.9033 4.9033 4.9033
0.9048270524660197 -0.5742207084349278 25.50482705246602 1.0 0.0 0.0 0.0 0.0 0.0 0.0 0.0 0.0 0.0 4.9033 4.9033 4.9033 4.9033
0.9177546256839813 -0.6028521093652196 25.617754625683983 1.0 0.0 0.0 0.0 0.0 0.0 0.0 0.0 0.0 0.0 4.9033 4.9033 4.9033 4.9033
0.9297764858882511 -0.6318754473153212 25.72977648588825 1.0 0.0 0.0 0.0 0.0 0.0 0.0 0.0 0.0 0.0 4.9033 4.9033 4.9033 4.9033
0.9408807689542255 -0.6612620797547085 25.84088076895423 1.0 0.0 0.0 0.0 0.0 0.0 0.0 0.0 0.0 0.0 4.9033 4.9033 4.9033 4.9033
0.9510565162951535 -0.6909830056250523 25.951056516295154 1.0 0.0 0.0 0.0 0.0 0.0 0.0 0.0 0.0 0.0 4.9033 4.9033 4.9033 4.9033
0.9602936856769432 -0.7210088939607712 26.060293685676946 1.0 0.0 0.0 0.0 0.0 0.0 0.0 0.0 0.0 0.0 4.9033 4.9033 4.9033 4.9033
0.9685831611286314 -0.7513101128351463 26.168583161128634 1.0 0.0 0.0 0.0 0.0 0.0 0.0 0.0 0.0 0.0 4.9033 4.9033 4.9033 4.9033
0.9759167619387474 -0.7818567586034575 26.27591676193875 1.0 0.0 0.0 0.0 0.0 0.0 0.0 0.0 0.0 0.0 4.9033 4.9033 4.9033 4.9033
0.9822872507286888 -0.8126186854142761 26.38228725072869 1.0 0.0 0.0 0.0 0.0 0.0 0.0 0.0 0.0 0.0 4.9033 4.9033 4.9033 4.9033
0.9876883405951378 -0.8435655349597697 26.487688340595138 1.0 0.0 0.0 0.0 0.0 0.0 0.0 0.0 0.0 0.0 4.9033 4.9033 4.9033 4.9033
0.9921147013144778 -0.8746667664356953 26.59211470131448 1.0 0.0 0.0 0.0 0.0 0.0 0.0 0.0 0.0 0.0 4.9033 4.9033 4.9033 4.9033
0.99556196460308 -0.9058916866814859 26.695561964603083 1.0 0.0 0.0 0.0 0.0 0.0 0.0 0.0 0.0 0.0 4.9033 4.9033 4.9033 4.9033
0.9980267284282716 -0.9372094804706866 26.798026728428272 1.0 0.0 0.0 0.0 0.0 0.0 0.0 0.0 0.0 0.0 4.9033 4.9033 4.9033 4.9033
0.9995065603657316 -0.9685892409218725 26.899506560365733 1.0 0.0 0.0 0.0 0.0 0.0 0.0 0.0 0.0 0.0 4.9033 4.9033 4.9033 4.9033
1.0 -0.9999999999999997 27.0 1.0 0.0 0.0 0.0 0.0 0.0 0.0 0.0 0.0 0.0 4.9033 4.9033 4.9033 4.9033
0.9995065603657315 -1.0314107590781287 27.099506560365732 1.0 0.0 0.0 0.0 0.0 0.0 0.0 0.0 0.0 0.0 4.9033 4.9033 4.9033 4.9033
0.9980267284282714 -1.0627905195293146 27.198026728428275 1.0 0.0 0.0 0.0 0.0 0.0 0.0 0.0 0.0 0.0 4.9033 4.9033 4.9033 4.9033
0.99556196460308 -1.0941083133185143 27.29556196460308 1.0 0.0 0.0 0.0 0.0 0.0 0.0 0.0 0.0 0.0 4.9033 4.9033 4.9033 4.9033
0.9921147013144779 -1.125333233564304 27.39211470131448 1.0 0.0 0.0 0.0 0.0 0.0 0.0 0.0 0.0 0.0 4.9033 4.9033 4.9033 4.9033
0.9876883405951379 -1.1564344650402296 27.487688340595138 1.0 0.0 0.0 0.0 0.0 0.0 0.0 0.0 0.0 0.0 4.9033 4.9033 4.9033 4.9033
0.9822872507286886 -1.187381314585725 27.58228725072869 1.0 0.0 0.0 0.0 0.0 0.0 0.0 0.0 0.0 0.0 4.9033 4.9033 4.9033 4.9033
0.9759167619387473 -1.2181432413965427 27.67591676193875 1.0 0.0 0.0 0.0 0.0 0.0 0.0 0.0 0.0 0.0 4.9033 4.9033 4.9033 4.9033
0.9685831611286311 -1.2486898871648549 27.768583161128632 1.0 0.0 0.0 0.0 0.0 0.0 0.0 0.0 0.0 0.0 4.9033 4.9033 4.9033 4.9033
0.9602936856769431 -1.2789911060392292 27.860293685676947 1.0 0.0 0.0 0.0 0.0 0.0 0.0 0.0 0.0 0.0 4.9033 4.9033 4.9033 4.9033
0.9510565162951536 -1.309016994374947 27.951056516295154 1.0 0.0 0.0 0.0 0.0 0.0 0.0 0.0 0.0 0.0 4.9033 4.9033 4.9033 4.9033
0.940880768954225 -1.3387379202452925 28.040880768954228 1.0 0.0 0.0 0.0 0.0 0.0 0.0 0.0 0.0 0.0 4.9033 4.9033 4.9033 4.9033
0.9297764858882517 -1.3681245526846773 28.129776485888254 1.0 0.0 0.0 0.0 0.0 0.0 0.0 0.0 0.0 0.0 4.9033 4.9033 4.9033 4.9033
0.9177546256839815 -1.3971478906347798 28.21775462568398 1.0 0.0 0.0 0.0 0.0 0.0 0.0 0.0 0.0 0.0 4.9033 4.9033 4.9033 4.9033
0.9048270524660192 -1.4257792915650733 28.30482705246602 1.0 0.0 0.0 0.0 0.0 0.0 0.0 0.0 0.0 0.0 4.9033 4.9033 4.9033 4.9033
0.8910065241883685 -1.4539904997395456 28.39100652418837 1.0 0.0 0.0 0.0 0.0 0.0 0.0 0.0 0.0 0.0 4.9033 4.9033 4.9033 4.9033
0.8763066800438634 -1.4817536741017157 28.476306680043866 1.0 0.0 0.0 0.0 0.0 0.0 0.0 0.0 0.0 0.0 4.9033 4.9033 4.9033 4.9033
0.8607420270039435 -1.5090414157503713 28.560742027003947 1.0 0.0 0.0 0.0 0.0 0.0 0.0 0.0 0.0 0.0 4.9033 4.9033 4.9033 4.9033
0.8443279255020151 -1.5358267949789965 28.644327925502015 1.0 0.0 0.0 0.0 0.0 0.0 0.0 0.0 0.0 0.0 4.9033 4.9033 4.9033 4.9033
0.8270805742745609 -1.562083377852132 28.727080574274563 1.0 0.0 0.0 0.0 0.0 0.0 0.0 0.0 0.0 0.0 4.9033 4.9033 4.9033 4.9033
0.8090169943749477 -1.587785252292473 28.809016994374947 1.0 0.0 0.0 0.0 0.0 0.0 0.0 0.0 0.0 0.0 4.9033 4.9033 4.9033 4.9033
0.7901550123756906 -1.6129070536529762 28.890155012375693 1.0 0.0 0.0 0.0 0.0 0.0 0.0 0.0 0.0 0.0 4.9033 4.9033 4.9033 4.9033
0.7705132427757886 -1.6374239897486906 28.97051324277579 1.0 0.0 0.0 0.0 0.0 0.0 0.0 0.0 0.0 0.0 4.9033 4.9033 4.9033 4.9033
0.7501110696304601 -1.6613118653236514 29.05011106963046 1.0 0.0 0.0 0.0 0.0 0.0 0.0 0.0 0.0 0.0 4.9033 4.9033 4.9033 4.9033
0.728968627421411 -1.6845471059286892 29.128968627421415 1.0 0.0 0.0 0.0 0.0 0.0 0.0 0.0 0.0 0.0 4.9033 4.9033 4.9033 4.9033
0.7071067811865483 -1.7071067811865466 29.20710678118655 1.0 0.0 0.0 0.0 0.0 0.0 0.0 0.0 0.0 0.0 4.9033 4.9033 4.9033 4.9033
0.6845471059286884 -1.7289686274214118 29.28454710592869 1.0 0.0 0.0 0.0 0.0 0.0 0.0 0.0 0.0 0.0 4.9033 4.9033 4.9033 4.9033
0.6613118653236504 -1.750111069630461 29.361311865323653 1.0 0.0 0.0 0.0 0.0 0.0 0.0 0.0 0.0 0.0 4.9033 4.9033 4.9033 4.9033
0.6374239897486897 -1.7705132427757893 29.43742398974869 1.0 0.0 0.0 0.0 0.0 0.0 0.0 0.0 0.0 0.0 4.9033 4.9033 4.9033 4.9033
0.6129070536529766 -1.7901550123756902 29.512907053652977 1.0 0.0 0.0 0.0 0.0 0.0 0.0 0.0 0.0 0.0 4.9033 4.9033 4.9033 4.9033
0.5877852522924734 -1.8090169943749472 29.587785252292473 1.0 0.0 0.0 0.0 0.0 0.0 0.0 0.0 0.0 0.0 4.9033 4.9033 4.9033 4.9033
0.562083377852131 -1.8270805742745615 29.66208337785213 1.0 0.0 0.0 0.0 0.0 0.0 0.0 0.0 0.0 0.0 4.9033 4.9033 4.9033 4.9033
0.5358267949789957 -1.8443279255020157 29.735826794978998 1.0 0.0 0.0 0.0 0.0 0.0 0.0 0.0 0.0 0.0 4.9033 4.9033 4.9033 4.9033
0.5090414157503721 -1.8607420270039432 29.80904141575037 1.0 0.0 0.0 0.0 0.0 0.0 0.0 0.0 0.0 0.0 4.9033 4.9033 4.9033 4.9033
0.48175367410171466 -1.876306680043864 29.881753674101716 1.0 0.0 0.0 0.0 0.0 0.0 0.0 0.0 0.0 0.0 4.9033 4.9033 4.9033 4.9033
0.4539904997395463 -1.8910065241883682 29.953990499739547 1.0 0.0 0.0 0.0 0.0 0.0 0.0 0.0 0.0 0.0 4.9033 4.9033 4.9033 4.9033
0.4257792915650723 -1.9048270524660196 30.025779291565073 1.0 0.0 0.0 0.0 0.0 0.0 0.0 0.0 0.0 0.0 4.9033 4.9033 4.9033 4.9033
0.39714789063478045 -1.9177546256839813 30.097147890634783 1.0 0.0 0.0 0.0 0.0 0.0 0.0 0.0 0.0 0.0 4.9033 4.9033 4.9033 4.9033
0.368124552684678 -1.9297764858882513 30.168124552684677 1.0 0.0 0.0 0.0 0.0 0.0 0.0 0.0 0.0 0.0 4.9033 4.9033 4.9033 4.9033
0.33873792024529153 -1.9408807689542256 30.238737920245292 1.0 0.0 0.0 0.0 0.0 0.0 0.0 0.0 0.0 0.0 4.9033 4.9033 4.9033 4.9033
0.3090169943749478 -1.9510565162951534 30.309016994374947 1.0 0.0 0.0 0.0 0.0 0.0 0.0 0.0 0.0 0.0 4.9033 4.9033 4.9033 4.9033
0.2789911060392298 -1.9602936856769428 30.37899110603923 1.0 0.0 0.0 0.0 0.0 0.0 0.0 0.0 0.0 0.0 4.9033 4.9033 4.9033 4.9033
0.24868988716485377 -1.9685831611286315 30.448689887164857 1.0 0.0 0.0 0.0 0.0 0.0 0.0 0.0 0.0 0.0 4.9033 4.9033 4.9033 4.9033
0.21814324139654168 -1.9759167619387474 30.518143241396544 1.0 0.0 0.0 0.0 0.0 0.0 0.0 0.0 0.0 0.0 4.9033 4.9033 4.9033 4.9033
0.18738131458572393 -1.9822872507286888 30.587381314585727 1.0 0.0 0.0 0.0 0.0 0.0 0.0 0.0 0.0 0.0 4.9033 4.9033 4.9033 4.9033
0.15643446504023034 -1.9876883405951378 30.65643446504023 1.0 0.0 0.0 0.0 0.0 0.0 0.0 0.0 0.0 0.0 4.9033 4.9033 4.9033 4.9033
0.1253332335643039 -1.992114701314478 30.725333233564307 1.0 0.0 0.0 0.0 0.0 0.0 0.0 0.0 0.0 0.0 4.9033 4.9033 4.9033 4.9033
0.09410831331851414 -1.99556196460308 30.794108313318517 1.0 0.0 0.0 0.0 0.0 0.0 0.0 0.0 0.0 0.0 4.9033 4.9033 4.9033 4.9033
0.06279051952931339 -1.9980267284282716 30.862790519529312 1.0 0.0 0.0 0.0 0.0 0.0 0.0 0.0 0.0 0.0 4.9033 4.9033 4.9033 4.9033
0.03141075907812848 -1.9995065603657316 30.93141075907813 1.0 0.0 0.0 0.0 0.0 0.0 0.0 0.0 0.0 0.0 4.9033 4.9033 4.9033 4.9033
3.6739403974420594e-16 -2.0 31.0 1.0 0.0 0.0 0.0 0.0 0.0 0.0 0.0 0.0 0.0 4.9033 4.9033 4.9033 4.9033
-0.03141075907812952 -1.9995065603657314 31.06858924092187 1.0 0.0 0.0 0.0 0.0 0.0 0.0 0.0 0.0 0.0 4.9033 4.9033 4.9033 4.9033
-0.06279051952931443 -1.9980267284282713 31.137209480470688 1.0 0.0 0.0 0.0 0.0 0.0 0.0 0.0 0.0 0.0 4.9033 4.9033 4.9033 4.9033
-0.09410831331851519 -1.99556196460308 31.205891686681486 1.0 0.0 0.0 0.0 0.0 0.0 0.0 0.0 0.0 0.0 4.9033 4.9033 4.9033 4.9033
-0.12533323356430318 -1.992114701314478 31.2746667664357 1.0 0.0 0.0 0.0 0.0 0.0 0.0 0.0 0.0 0.0 4.9033 4.9033 4.9033 4.9033
-0.15643446504022962 -1.9876883405951378 31.34356553495977 1.0 0.0 0.0 0.0 0.0 0.0 0.0 0.0 0.0 0.0 4.9033 4.9033 4.9033 4.9033
-0.18738131458572496 -1.9822872507286886 31.412618685414277 1.0 0.0 0.0 0.0 0.0 0.0 0.0 0.0 0.0 0.0 4.9033 4.9033 4.9033 4.9033
-0.2181432413965427 -1.9759167619387474 31.48185675860346 1.0 0.0 0.0 0.0 0.0 0.0 0.0 0.0 0.0 0.0 4.9033 4.9033 4.9033 4.9033
-0.24868988716485477 -1.968583161128631 31.551310112835147 1.0 0.0 0.0 0.0 0.0 0.0 0.0 0.0 0.0 0.0 4.9033 4.9033 4.9033 4.9033
-0.27899110603922905 -1.9602936856769433 31.621008893960774 1.0 0.0 0.0 0.0 0.0 0.0 0.0 0.0 0.0 0.0 4.9033 4.9033 4.9033 4.9033
-0.30901699437494706 -1.9510565162951536 31.690983005625053 1.0 0.0 0.0 0.0 0.0 0.0 0.0 0.0 0.0 0.0 4.9033 4.9033 4.9033 4.9033
-0.33873792024529253 -1.9408807689542251 31.761262079754708 1.0 0.0 0.0 0.0 0.0 0.0 0.0 0.0 0.0 0.0 4.9033 4.9033 4.9033 4.9033
-0.36812455268467725 -1.9297764858882518 31.831875447315326 1.0 0.0 0.0 0.0 0.0 0.0 0.0 0.0 0.0 0.0 4.9033 4.9033 4.9033 4.9033
-0.3971478906347798 -1.9177546256839815 31.90285210936522 1.0 0.0 0.0 0.0 0.0 0.0 0.0 0.0 0.0 0.0 4.9033 4.9033 4.9033 4.9033
-0.42577929156507327 -1.9048270524660191 31.974220708434927 1.0 0.0 0.0 0.0 0.0 0.0 0.0 0.0 0.0 0.0 4.9033 4.9033 4.9033 4.9033
-0.45399049973954564 -1.8910065241883685 32.04600950026045 1.0 0.0 0.0 0.0 0.0 0.0 0.0 0.0 0.0 0.0 4.9033 4.9033 4.9033 4.9033
-0.48175367410171555 -1.8763066800438635 32.11824632589828 1.0 0.0 0.0 0.0 0.0 0.0 0.0 0.0 0.0 0.0 4.9033 4.9033 4.9033 4.9033
-0.5090414157503714 -1.8607420270039436 32.19095858424963 1.0 0.0 0.0 0.0 0.0 0.0 0.0 0.0 0.0 0.0 4.9033 4.9033 4.9033 4.9033
-0.5358267949789965 -1.844327925502015 32.264173205021 1.0 0.0 0.0 0.0 0.0 0.0 0.0 0.0 0.0 0.0 4.9033 4.9033 4.9033 4.9033
-0.5620833778521319 -1.8270805742745608 32.33791662214787 1.0 0.0 0.0 0.0 0.0 0.0 0.0 0.0 0.0 0.0 4.9033 4.9033 4.9033 4.9033
-0.5877852522924728 -1.8090169943749477 32.41221474770752 1.0 0.0 0.0 0.0 0.0 0.0 0.0 0.0 0.0 0.0 4.9033 4.9033 4.9033 4.9033
-0.612907053652976 -1.7901550123756906 32.487092946347026 1.0 0.0 0.0 0.0 0.0 0.0 0.0 0.0 0.0 0.0 4.9033 4.9033 4.9033 4.9033
-0.6374239897486905 -1.7705132427757886 32.56257601025131 1.0 0.0 0.0 0.0 0.0 0.0 0.0 0.0 0.0 0.0 4.9033 4.9033 4.9033 4.9033
-0.6613118653236525 -1.750111069630459 32.63868813467635 1.0 0.0 0.0 0.0 0.0 0.0 0.0 0.0 0.0 0.0 4.9033 4.9033 4.9033 4.9033
-0.6845471059286878 -1.7289686274214122 32.71545289407131 1.0 0.0 0.0 0.0 0.0 0.0 0.0 0.0 0.0 0.0 4.9033 4.9033 4.9033 4.9033
-0.7071067811865479 -1.707106781186547 32.792893218813454 1.0 0.0 0.0 0.0 0.0 0.0 0.0 0.0 0.0 0.0 4.9033 4.9033 4.9033 4.9033
-0.7289686274214118 -1.6845471059286883 32.871031372578585 1.0 0.0 0.0 0.0 0.0 0.0 0.0 0.0 0.0 0.0 4.9033 4.9033 4.9033 4.9033
-0.7501110696304608 -1.6613118653236505 32.94988893036954 1.0 0.0 0.0 0.0 0.0 0.0 0.0 0.0 0.0 0.0 4.9033 4.9033 4.9033 4.9033
-0.7705132427757893 -1.6374239897486897 33.02948675722421 1.0 0.0 0.0 0.0 0.0 0.0 0.0 0.0 0.0 0.0 4.9033 4.9033 4.9033 4.9033
-0.7901550123756902 -1.6129070536529766 33.10984498762431 1.0 0.0 0.0 0.0 0.0 0.0 0.0 0.0 0.0 0.0 4.9033 4.9033 4.9033 4.9033
-0.8090169943749472 -1.5877852522924734 33.19098300562505 1.0 0.0 0.0 0.0 0.0 0.0 0.0 0.0 0.0 0.0 4.9033 4.9033 4.9033 4.9033
-0.8270805742745615 -1.562083377852131 33.27291942572544 1.0 0.0 0.0 0.0 0.0 0.0 0.0 0.0 0.0 0.0 4.9033 4.9033 4.9033 4.9033
-0.8443279255020156 -1.5358267949789957 33.35567207449799 1.0 0.0 0.0 0.0 0.0 0.0 0.0 0.0 0.0 0.0 4.9033 4.9033 4.9033 4.9033
-0.8607420270039441 -1.5090414157503704 33.43925797299606 1.0 0.0 0.0 0.0 0.0 0.0 0.0 0.0 0.0 0.0 4.9033 4.9033 4.9033 4.9033
-0.876306680043863 -1.4817536741017163 33.52369331995614 1.0 0.0 0.0 0.0 0.0 0.0 0.0 0.0 0.0 0.0 4.9033 4.9033 4.9033 4.9033
-0.8910065241883681 -1.4539904997395463 33.60899347581163 1.0 0.0 0.0 0.0 0.0 0.0 0.0 0.0 0.0 0.0 4.9033 4.9033 4.9033 4.9033
-0.9048270524660197 -1.4257792915650724 33.69517294753398 1.0 0.0 0.0 0.0 0.0 0.0 0.0 0.0 0.0 0.0 4.9033 4.9033 4.9033 4.9033
-0.9177546256839811 -1.3971478906347805 33.78224537431602 1.0 0.0 0.0 0.0 0.0 0.0 0.0 0.0 0.0 0.0 4.9033 4.9033 4.9033 4.9033
-0.9297764858882513 -1.368124552684678 33.87022351411175 1.0 0.0 0.0 0.0 0.0 0.0 0.0 0.0 0.0 0.0 4.9033 4.9033 4.9033 4.9033
-0.9408807689542248 -1.3387379202452934 33.959119231045776 1.0 0.0 0.0 0.0 0.0 0.0 0.0 0.0 0.0 0.0 4.9033 4.9033 4.9033 4.9033
-0.9510565162951534 -1.309016994374948 34.048943483704846 1.0 0.0 0.0 0.0 0.0 0.0 0.0 0.0 0.0 0.0 4.9033 4.9033 4.9033 4.9033
-0.960293685676943 -1.2789911060392298 34.13970631432306 1.0 0.0 0.0 0.0 0.0 0.0 0.0 0.0 0.0 0.0 4.9033 4.9033 4.9033 4.9033
-0.9685831611286314 -1.2486898871648537 34.23141683887137 1.0 0.0 0.0 0.0 0.0 0.0 0.0 0.0 0.0 0.0 4.9033 4.9033 4.9033 4.9033
-0.9759167619387475 -1.2181432413965418 34.324083238061256 1.0 0.0 0.0 0.0 0.0 0.0 0.0 0.0 0.0 0.0 4.9033 4.9033 4.9033 4.9033
-0.9822872507286885 -1.1873813145857257 34.41771274927131 1.0 0.0 0.0 0.0 0.0 0.0 0.0 0.0 0.0 0.0 4.9033 4.9033 4.9033 4.9033
-0.9876883405951378 -1.1564344650402303 34.512311659404865 1.0 0.0 0.0 0.0 0.0 0.0 0.0 0.0 0.0 0.0 4.9033 4.9033 4.9033 4.9033
-0.9921147013144779 -1.125333233564304 34.607885298685524 1.0 0.0 0.0 0.0 0.0 0.0 0.0 0.0 0.0 0.0 4.9033 4.9033 4.9033 4.9033
-0.99556196460308 -1.094108313318514 34.704438035396926 1.0 0.0 0.0 0.0 0.0 0.0 0.0 0.0 0.0 0.0 4.9033 4.9033 4.9033 4.9033
-0.9980267284282717 -1.0627905195293117 34.80197327157173 1.0 0.0 0.0 0.0 0.0 0.0 0.0 0.0 0.0 0.0 4.9033 4.9033 4.9033 4.9033
-0.9995065603657315 -1.0314107590781303 34.90049343963427 1.0 0.0 0.0 0.0 0.0 0.0 0.0 0.0 0.0 0.0 4.9033 4.9033 4.9033 4.9033
-1.0 -1.0000000000000004 35.0 1.0 0.0 0.0 0.0 0.0 0.0 0.0 0.0 0.0 0.0 4.9033 4.9033 4.9033 4.9033
-0.9995065603657315 -0.9685892409218705 35.10049343963427 1.0 0.0 0.0 0.0 0.0 0.0 0.0 0.0 0.0 0.0 4.9033 4.9033 4.9033 4.9033
-0.9980267284282714 -0.9372094804706856 35.20197327157173 1.0 0.0 0.0 0.0 0.0 0.0 0.0 0.0 0.0 0.0 4.9033 4.9033 4.9033 4.9033
-0.9955619646030799 -0.9058916866814849 35.30443803539693 1.0 0.0 0.0 0.0 0.0 0.0 0.0 0.0 0.0 0.0 4.9033 4.9033 4.9033 4.9033
-0.992114701314478 -0.8746667664356969 35.40788529868552 1.0 0.0 0.0 0.0 0.0 0.0 0.0 0.0 0.0 0.0 4.9033 4.9033 4.9033 4.9033
-0.9876883405951379 -0.8435655349597704 35.512311659404865 1.0 0.0 0.0 0.0 0.0 0.0 0.0 0.0 0.0 0.0 4.9033 4.9033 4.9033 4.9033
-0.9822872507286886 -0.8126186854142751 35.61771274927131 1.0 0.0 0.0 0.0 0.0 0.0 0.0 0.0 0.0 0.0 4.9033 4.9033 4.9033 4.9033
-0.9759167619387473 -0.7818567586034574 35.724083238061255 1.0 0.0 0.0 0.0 0.0 0.0 0.0 0.0 0.0 0.0 4.9033 4.9033 4.9033 4.9033
-0.9685831611286307 -0.7513101128351436 35.83141683887138 1.0 0.0 0.0 0.0 0.0 0.0 0.0 0.0 0.0 0.0 4.9033 4.9033 4.9033 4.9033
-0.9602936856769432 -0.7210088939607711 35.939706314323054 1.0 0.0 0.0 0.0 0.0 0.0 0.0 0.0 0.0 0.0 4.9033 4.9033 4.9033 4.9033
-0.9510565162951538 -0.690983005625053 36.048943483704846 1.0 0.0 0.0 0.0 0.0 0.0 0.0 0.0 0.0 0.0 4.9033 4.9033 4.9033 4.9033
-0.9408807689542251 -0.6612620797547075 36.15911923104578 1.0 0.0 0.0 0.0 0.0 0.0 0.0 0.0 0.0 0.0 4.9033 4.9033 4.9033 4.9033
-0.9297764858882517 -0.6318754473153227 36.27022351411175 1.0 0.0 0.0 0.0 0.0 0.0 0.0 0.0 0.0 0.0 4.9033 4.9033 4.9033 4.9033
-0.9177546256839808 -0.6028521093652186 36.38224537431602 1.0 0.0 0.0 0.0 0.0 0.0 0.0 0.0 0.0 0.0 4.9033 4.9033 4.9033 4.9033
-0.90482705246602 -0.5742207084349285 36.49517294753398 1.0 0.0 0.0 0.0 0.0 0.0 0.0 0.0 0.0 0.0 4.9033 4.9033 4.9033 4.9033
-0.8910065241883685 -0.5460095002604544 36.60899347581163 1.0 0.0 0.0 0.0 0.0 0.0 0.0 0.0 0.0 0.0 4.9033 4.9033 4.9033 4.9033
-0.8763066800438635 -0.5182463258982846 36.72369331995614 1.0 0.0 0.0 0.0 0.0 0.0 0.0 0.0 0.0 0.0 4.9033 4.9033 4.9033 4.9033
-0.8607420270039436 -0.4909585842496287 36.83925797299606 1.0 0.0 0.0 0.0 0.0 0.0 0.0 0.0 0.0 0.0 4.9033 4.9033 4.9033 4.9033
-0.8443279255020142 -0.464173205021002 36.95567207449799 1.0 0.0 0.0 0.0 0.0 0.0 0.0 0.0 0.0 0.0 4.9033 4.9033 4.9033 4.9033
-0.8270805742745619 -0.43791662214786964 37.07291942572544 1.0 0.0 0.0 0.0 0.0 0.0 0.0 0.0 0.0 0.0 4.9033 4.9033 4.9033 4.9033
-0.8090169943749477 -0.4122147477075272 37.19098300562505 1.0 0.0 0.0 0.0 0.0 0.0 0.0 0.0 0.0 0.0 4.9033 4.9033 4.9033 4.9033
-0.7901550123756907 -0.38709294634702396 37.30984498762431 1.0 0.0 0.0 0.0 0.0 0.0 0.0 0.0 0.0 0.0 4.9033 4.9033 4.9033 4.9033
-0.7705132427757886 -0.3625760102513096 37.42948675722421 1.0 0.0 0.0 0.0 0.0 0.0 0.0 0.0 0.0 0.0 4.9033 4.9033 4.9033 4.9033
-0.750111069630459 -0.3386881346763475 37.54988893036955 1.0 0.0 0.0 0.0 0.0 0.0 0.0 0.0 0.0 0.0 4.9033 4.9033 4.9033 4.9033
-0.7289686274214123 -0.31545289407131216 37.67103137257859 1.0 0.0 0.0 0.0 0.0 0.0 0.0 0.0 0.0 0.0 4.9033 4.9033 4.9033 4.9033
-0.7071067811865485 -0.2928932188134534 37.792893218813454 1.0 0.0 0.0 0.0 0.0 0.0 0.0 0.0 0.0 0.0 4.9033 4.9033 4.9033 4.9033
-0.6845471059286885 -0.27103137257858834 37.915452894071315 1.0 0.0 0.0 0.0 0.0 0.0 0.0 0.0 0.0 0.0 4.9033 4.9033 4.9033 4.9033
-0.6613118653236505 -0.2498889303695392 38.03868813467635 1.0 0.0 0.0 0.0 0.0 0.0 0.0 0.0 0.0 0.0 4.9033 4.9033 4.9033 4.9033
-0.6374239897486897 -0.22948675722421086 38.162576010251314 1.0 0.0 0.0 0.0 0.0 0.0 0.0 0.0 0.0 0.0 4.9033 4.9033 4.9033 4.9033
-0.6129070536529767 -0.2098449876243098 38.28709294634702 1.0 0.0 0.0 0.0 0.0 0.0 0.0 0.0 0.0 0.0 4.9033 4.9033 4.9033 4.9033
-0.5877852522924735 -0.19098300562505288 38.41221474770752 1.0 0.0 0.0 0.0 0.0 0.0 0.0 0.0 0.0 0.0 4.9033 4.9033 4.9033 4.9033
-0.5620833778521311 -0.1729194257254385 38.53791662214787 1.0 0.0 0.0 0.0 0.0 0.0 0.0 0.0 0.0 0.0 4.9033 4.9033 4.9033 4.9033
-0.5358267949789958 -0.15567207449798437 38.66417320502101 1.0 0.0 0.0 0.0 0.0 0.0 0.0 0.0 0.0 0.0 4.9033 4.9033 4.9033 4.9033
-0.5090414157503707 -0.13925797299605602 38.79095858424964 1.0 0.0 0.0 0.0 0.0 0.0 0.0 0.0 0.0 0.0 4.9033 4.9033 4.9033 4.9033
-0.4817536741017132 -0.1236933199561353 38.918246325898295 1.0 0.0 0.0 0.0 0.0 0.0 0.0 0.0 0.0 0.0 4.9033 4.9033 4.9033 4.9033
-0.4539904997395464 -0.10899347581163199 39.04600950026045 1.0 0.0 0.0 0.0 0.0 0.0 0.0 0.0 0.0 0.0 4.9033 4.9033 4.9033 4.9033
-0.42577929156507244 -0.09517294753398042 39.17422070843493 1.0 0.0 0.0 0.0 0.0 0.0 0.0 0.0 0.0 0.0 4.9033 4.9033 4.9033 4.9033
-0.39714789063478056 -0.08224537431601886 39.30285210936522 1.0 0.0 0.0 0.0 0.0 0.0 0.0 0.0 0.0 0.0 4.9033 4.9033 4.9033 4.9033
-0.3681245526846781 -0.07022351411174865 39.43187544731533 1.0 0.0 0.0 0.0 0.0 0.0 0.0 0.0 0.0 0.0 4.9033 4.9033 4.9033 4.9033
-0.33873792024529 -0.05911923104577399 39.56126207975471 1.0 0.0 0.0 0.0 0.0 0.0 0.0 0.0 0.0 0.0 4.9033 4.9033 4.9033 4.9033
-0.3090169943749479 -0.04894348370484658 39.69098300562505 1.0 0.0 0.0 0.0 0.0 0.0 0.0 0.0 0.0 0.0 4.9033 4.9033 4.9033 4.9033
-0.2789911060392299 -0.03970631432305716 39.82100889396077 1.0 0.0 0.0 0.0 0.0 0.0 0.0 0.0 0.0 0.0 4.9033 4.9033 4.9033 4.9033
-0.24868988716485388 -0.0314168388713687 39.95131011283515 1.0 0.0 0.0 0.0 0.0 0.0 0.0 0.0 0.0 0.0 4.9033 4.9033 4.9033 4.9033
-0.21814324139654181 -0.024083238061252454 40.081856758603465 1.0 0.0 0.0 0.0 0.0 0.0 0.0 0.0 0.0 0.0 4.9033 4.9033 4.9033 4.9033
-0.18738131458572405 -0.017712749271311168 40.212618685414284 1.0 0.0 0.0 0.0 0.0 0.0 0.0 0.0 0.0 0.0 4.9033 4.9033 4.9033 4.9033
-0.15643446504023048 -0.01231165940486223 40.34356553495977 1.0 0.0 0.0 0.0 0.0 0.0 0.0 0.0 0.0 0.0 4.9033 4.9033 4.9033 4.9033
-0.125333233564304 -0.007885298685522124 40.474666766435696 1.0 0.0 0.0 0.0 0.0 0.0 0.0 0.0 0.0 0.0 4.9033 4.9033 4.9033 4.9033
-0.09410831331851427 -0.004438035396920004 40.60589168668149 1.0 0.0 0.0 0.0 0.0 0.0 0.0 0.0 0.0 0.0 4.9033 4.9033 4.9033 4.9033
-0.06279051952931174 -0.00197327157172833 40.73720948047069 1.0 0.0 0.0 0.0 0.0 0.0 0.0 0.0 0.0 0.0 4.9033 4.9033 4.9033 4.9033
-0.03141075907812683 -0.0004934396342684 40.86858924092188 1.0 0.0 0.0 0.0 0.0 0.0 0.0 0.0 0.0 0.0 4.9033 4.9033 4.9033 4.9033
-4.898587196589413e-16 0.0 41.0 1.0 0.0 0.0 0.0 0.0 0.0 0.0 0.0 0.0 0.0 4.9033 4.9033 4.9033 4.9033
