0.0 0.0 1.0 1.0 0.0 0.0 0.0 0.0 0.0 0.0 0.0 0.0 0.0 4.9033 4.9033 4.9033 4.9033
-0.004909818585032255 0.313324536833769 1.0099750623441397 1.0 0.0 0.0 0.0 0.0 0.0 0.0 0.0 0.0 0.0 4.9033 4.9033 4.9033 4.9033
-0.01963445307641898 0.6263414003407195 1.0199501246882794 1.0 0.0 0.0 0.0 0.0 0.0 0.0 0.0 0.0 0.0 4.9033 4.9033 4.9033 4.9033
-0.044159444417346094 0.9387432193180762 1.0299251870324189 1.0 0.0 0.0 0.0 0.0 0.0 0.0 0.0 0.0 0.0 4.9033 4.9033 4.9033 4.9033
-0.07846070995615584 1.2502232265144773 1.0399002493765586 1.0 0.0 0.0 0.0 0.0 0.0 0.0 0.0 0.0 0.0 4.9033 4.9033 4.9033 4.9033
-0.12250456709463897 1.5604755598642819 1.0498753117206983 1.0 0.0 0.0 0.0 0.0 0.0 0.0 0.0 0.0 0.0 4.9033 4.9033 4.9033 4.9033
-0.176247766363133 1.8691955628330255 1.059850374064838 1.0 0.0 0.0 0.0 0.0 0.0 0.0 0.0 0.0 0.0 4.9033 4.9033 4.9033 4.9033
-0.23963753388991904 2.1760800835790772 1.0698254364089776 1.0 0.0 0.0 0.0 0.0 0.0 0.0 0.0 0.0 0.0 4.9033 4.9033 4.9033 4.9033
-0.312611623223253 2.4808277726377543 1.0798004987531171 1.0 0.0 0.0 0.0 0.0 0.0 0.0 0.0 0.0 0.0 4.9033 4.9033 4.9033 4.9033
-0.3950983764551328 2.783139378835559 1.0897755610972568 1.0 0.0 0.0 0.0 0.0 0.0 0.0 0.0 0.0 0.0 4.9033 4.9033 4.9033 4.9033
-0.48701679458674896 3.0827180431439762 1.0997506234413965 1.0 0.0 0.0 0.0 0.0 0.0 0.0 0.0 0.0 0.0 4.9033 4.9033 4.9033 4.9033
-0.5882766170665708 3.3792695901842658 1.1097256857855362 1.0 0.0 0.0 0.0 0.0 0.0 0.0 0.0 0.0 0.0 4.9033 4.9033 4.9033 4.9033
-0.6987784104229338 3.67250281709701 1.119700748129676 1.0 0.0 0.0 0.0 0.0 0.0 0.0 0.0 0.0 0.0 4.9033 4.9033 4.9033 4.9033
-0.8184136659040977 3.9621297794927623 1.1296758104738154 1.0 0.0 0.0 0.0 0.0 0.0 0.0 0.0 0.0 0.0 4.9033 4.9033 4.9033 4.9033
-0.9470649060299046 4.247866074202983 1.139650872817955 1.0 0.0 0.0 0.0 0.0 0.0 0.0 0.0 0.0 0.0 4.9033 4.9033 4.9033 4.9033
-1.0846057999504026 4.529431118553633 1.1496259351620948 1.0 0.0 0.0 0.0 0.0 0.0 0.0 0.0 0.0 0.0 4.9033 4.9033 4.9033 4.9033
-1.2309012874981597 4.8065484258871845 1.1596009975062345 1.0 0.0 0.0 0.0 0.0 0.0 0.0 0.0 0.0 0.0 4.9033 4.9033 4.9033 4.9033
-1.38580771181244 5.0789458770624805 1.1695760598503742 1.0 0.0 0.0 0.0 0.0 0.0 0.0 0.0 0.0 0.0 4.9033 4.9033 4.9033 4.9033
-1.549172960405036 5.346355987665863 1.1795511221945136 1.0 0.0 0.0 0.0 0.0 0.0 0.0 0.0 0.0 0.0 4.9033 4.9033 4.9033 4.9033
-1.7208366145292118 5.608516170671157 1.1895261845386533 1.0 0.0 0.0 0.0 0.0 0.0 0.0 0.0 0.0 0.0 4.9033 4.9033 4.9033 4.9033
-1.9006301067050853 5.86516899429061 1.199501246882793 1.0 0.0 0.0 0.0 0.0 0.0 0.0 0.0 0.0 0.0 4.9033 4.9033 4.9033 4.9033
-2.088376886246789 6.116062434763558 1.2094763092269327 1.0 0.0 0.0 0.0 0.0 0.0 0.0 0.0 0.0 0.0 4.9033 4.9033 4.9033 4.9033
-2.2838925926288267 6.360950123834623 1.2194513715710724 1.0 0.0 0.0 0.0 0.0 0.0 0.0 0.0 0.0 0.0 4.9033 4.9033 4.9033 4.9033
-2.4869852365214262 6.599591590678395 1.229426433915212 1.0 0.0 0.0 0.0 0.0 0.0 0.0 0.0 0.0 0.0 4.9033 4.9033 4.9033 4.9033
-2.6974553883170955 6.831752498033062 1.2394014962593516 1.0 0.0 0.0 0.0 0.0 0.0 0.0 0.0 0.0 0.0 4.9033 4.9033 4.9033 4.9033
-2.915096373963257 7.057204872311091 1.2493765586034913 1.0 0.0 0.0 0.0 0.0 0.0 0.0 0.0 0.0 0.0 4.9033 4.9033 4.9033 4.9033
-3.139694477908673 7.275727327461032 1.259351620947631 1.0 0.0 0.0 0.0 0.0 0.0 0.0 0.0 0.0 0.0 4.9033 4.9033 4.9033 4.9033
-3.371029152964362 7.487105282360575 1.2693266832917707 1.0 0.0 0.0 0.0 0.0 0.0 0.0 0.0 0.0 0.0 4.9033 4.9033 4.9033 4.9033
-3.608873236872933 7.691131171527433 1.2793017456359101 1.0 0.0 0.0 0.0 0.0 0.0 0.0 0.0 0.0 0.0 4.9033 4.9033 4.9033 4.9033
-3.8529931753736815 7.887604648941114 1.2892768079800498 1.0 0.0 0.0 0.0 0.0 0.0 0.0 0.0 0.0 0.0 4.9033 4.9033 4.9033 4.9033
-4.103149251544403 8.076332784775444 1.2992518703241895 1.0 0.0 0.0 0.0 0.0 0.0 0.0 0.0 0.0 0.0 4.9033 4.9033 4.9033 4.9033
-4.35909582119471 8.257130254848656 1.3092269326683292 1.0 0.0 0.0 0.0 0.0 0.0 0.0 0.0 0.0 0.0 4.9033 4.9033 4.9033 4.9033
-4.620581554079715 8.429819522605012 1.319201995012469 1.0 0.0 0.0 0.0 0.0 0.0 0.0 0.0 0.0 0.0 4.9033 4.9033 4.9033 4.9033
-4.887349680697206 8.594231013449257 1.3291770573566084 1.0 0.0 0.0 0.0 0.0 0.0 0.0 0.0 0.0 0.0 4.9033 4.9033 4.9033 4.9033
-5.159138244425995 8.750203281262724 1.339152119700748 1.0 0.0 0.0 0.0 0.0 0.0 0.0 0.0 0.0 0.0 4.9033 4.9033 4.9033 4.9033
-5.4356803587578 8.897583166937563 1.3491271820448878 1.0 0.0 0.0 0.0 0.0 0.0 0.0 0.0 0.0 0.0 4.9033 4.9033 4.9033 4.9033
-5.716704469370125 9.036225948773422 1.3591022443890275 1.0 0.0 0.0 0.0 0.0 0.0 0.0 0.0 0.0 0.0 4.9033 4.9033 4.9033 4.9033
-6.001934620782743 9.165995484588915 1.3690773067331672 1.0 0.0 0.0 0.0 0.0 0.0 0.0 0.0 0.0 0.0 4.9033 4.9033 4.9033 4.9033
-6.291090727335972 9.286764345408297 1.3790523690773067 1.0 0.0 0.0 0.0 0.0 0.0 0.0 0.0 0.0 0.0 4.9033 4.9033 4.9033 4.9033
-6.5838888482246265 9.3984139405921 1.3890274314214464 1.0 0.0 0.0 0.0 0.0 0.0 0.0 0.0 0.0 0.0 4.9033 4.9033 4.9033 4.9033
-6.880041466317584 9.500834634288836 1.399002493765586 1.0 0.0 0.0 0.0 0.0 0.0 0.0 0.0 0.0 0.0 4.9033 4.9033 4.9033 4.9033
-7.179257770489184 9.593925853093422 1.4089775561097257 1.0 0.0 0.0 0.0 0.0 0.0 0.0 0.0 0.0 0.0 4.9033 4.9033 4.9033 4.9033
-7.481243941185189 9.677596184806621 1.4189526184538654 1.0 0.0 0.0 0.0 0.0 0.0 0.0 0.0 0.0 0.0 4.9033 4.9033 4.9033 4.9033
-7.7857034389429405 9.751763468198503 1.4289276807980051 1.0 0.0 0.0 0.0 0.0 0.0 0.0 0.0 0.0 0.0 4.9033 4.9033 4.9033 4.9033
-8.092337295582341 9.816354873687784 1.4389027431421448 1.0 0.0 0.0 0.0 0.0 0.0 0.0 0.0 0.0 0.0 4.9033 4.9033 4.9033 4.9033
-8.400844407781767 9.871306974857845 1.4488778054862843 1.0 0.0 0.0 0.0 0.0 0.0 0.0 0.0 0.0 0.0 4.9033 4.9033 4.9033 4.9033
-8.7109218327506 9.916565810739165 1.458852867830424 1.0 0.0 0.0 0.0 0.0 0.0 0.0 0.0 0.0 0.0 4.9033 4.9033 4.9033 4.9033
-9.022265085708055 9.952086938797034 1.4688279301745637 1.0 0.0 0.0 0.0 0.0 0.0 0.0 0.0 0.0 0.0 4.9033 4.9033 4.9033 4.9033
-9.334568438876195 9.97783547857251 1.4788029925187032 1.0 0.0 0.0 0.0 0.0 0.0 0.0 0.0 0.0 0.0 4.9033 4.9033 4.9033 4.9033
-9.64752522169351 9.993786145933772 1.4887780548628429 1.0 0.0 0.0 0.0 0.0 0.0 0.0 0.0 0.0 0.0 4.9033 4.9033 4.9033 4.9033
-9.960828121954282 9.999923277904205 1.4987531172069826 1.0 0.0 0.0 0.0 0.0 0.0 0.0 0.0 0.0 0.0 4.9033 4.9033 4.9033 4.9033
-10.274169487578023 9.99624084804289 1.5087281795511223 1.0 0.0 0.0 0.0 0.0 0.0 0.0 0.0 0.0 0.0 4.9033 4.9033 4.9033 4.9033
-10.58724162871265 9.982742472362338 1.518703241895262 1.0 0.0 0.0 0.0 0.0 0.0 0.0 0.0 0.0 0.0 4.9033 4.9033 4.9033 4.9033
-10.899737119874766 9.959441405777708 1.5286783042394014 1.0 0.0 0.0 0.0 0.0 0.0 0.0 0.0 0.0 0.0 4.9033 4.9033 4.9033 4.9033
-11.211349101830322 9.926360529090955 1.5386533665835411 1.0 0.0 0.0 0.0 0.0 0.0 0.0 0.0 0.0 0.0 4.9033 4.9033 4.9033 4.9033
-11.521771582919252 9.883532326522712 1.5486284289276808 1.0 0.0 0.0 0.0 0.0 0.0 0.0 0.0 0.0 0.0 4.9033 4.9033 4.9033 4.9033
-11.830699739528185 9.830998853813961 1.5586034912718205 1.0 0.0 0.0 0.0 0.0 0.0 0.0 0.0 0.0 0.0 4.9033 4.9033 4.9033 4.9033
-12.13783021541617 9.768811696928836 1.5685785536159602 1.0 0.0 0.0 0.0 0.0 0.0 0.0 0.0 0.0 0.0 4.9033 4.9033 4.9033 4.9033
-12.442861419599492 9.697031921399061 1.5785536159600997 1.0 0.0 0.0 0.0 0.0 0.0 0.0 0.0 0.0 0.0 4.9033 4.9033 4.9033 4.9033
-12.745493822503095 9.615730012359817 1.5885286783042396 1.0 0.0 0.0 0.0 0.0 0.0 0.0 0.0 0.0 0.0 4.9033 4.9033 4.9033 4.9033
-13.045430250087735 9.524985805335909 1.598503740648379 1.0 0.0 0.0 0.0 0.0 0.0 0.0 0.0 0.0 0.0 4.9033 4.9033 4.9033 4.9033
-13.342376175664114 9.42488840784616 1.6084788029925188 1.0 0.0 0.0 0.0 0.0 0.0 0.0 0.0 0.0 0.0 4.9033 4.9033 4.9033 4.9033
-13.636040009107406 9.315536111903072 1.6184538653366585 1.0 0.0 0.0 0.0 0.0 0.0 0.0 0.0 0.0 0.0 4.9033 4.9033 4.9033 4.9033
-13.92613338318817 9.197036297493634 1.628428927680798 1.0 0.0 0.0 0.0 0.0 0.0 0.0 0.0 0.0 0.0 4.9033 4.9033 4.9033 4.9033
-14.212371436738517 9.069505327136065 1.6384039900249379 1.0 0.0 0.0 0.0 0.0 0.0 0.0 0.0 0.0 0.0 4.9033 4.9033 4.9033 4.9033
-14.494473094375431 8.933068431616055 1.6483790523690773 1.0 0.0 0.0 0.0 0.0 0.0 0.0 0.0 0.0 0.0 4.9033 4.9033 4.9033 4.9033
-14.772161342506609 8.787859587014662 1.658354114713217 1.0 0.0 0.0 0.0 0.0 0.0 0.0 0.0 0.0 0.0 4.9033 4.9033 4.9033 4.9033
-15.045163501347744 8.634021383148676 1.6683291770573567 1.0 0.0 0.0 0.0 0.0 0.0 0.0 0.0 0.0 0.0 4.9033 4.9033 4.9033 4.9033
-15.313211492684193 8.47170488355258 1.6783042394014962 1.0 0.0 0.0 0.0 0.0 0.0 0.0 0.0 0.0 0.0 4.9033 4.9033 4.9033 4.9033
-15.576042103114043 8.301069477139649 1.6882793017456361 1.0 0.0 0.0 0.0 0.0 0.0 0.0 0.0 0.0 0.0 4.9033 4.9033 4.9033 4.9033
-15.833397242514135 8.122282721687819 1.6982543640897756 1.0 0.0 0.0 0.0 0.0 0.0 0.0 0.0 0.0 0.0 4.9033 4.9033 4.9033 4.9033
-16.085024197475192 7.935520179304024 1.7082294264339153 1.0 0.0 0.0 0.0 0.0 0.0 0.0 0.0 0.0 0.0 4.9033 4.9033 4.9033 4.9033
-16.330675879457228 7.7409652440285805 1.718204488778055 1.0 0.0 0.0 0.0 0.0 0.0 0.0 0.0 0.0 0.0 4.9033 4.9033 4.9033 4.9033
-16.570111067421507 7.538808961748894 1.7281795511221945 1.0 0.0 0.0 0.0 0.0 0.0 0.0 0.0 0.0 0.0 4.9033 4.9033 4.9033 4.9033
-16.803094644700874 7.329249842599328 1.7381546134663342 1.0 0.0 0.0 0.0 0.0 0.0 0.0 0.0 0.0 0.0 4.9033 4.9033 4.9033 4.9033
-17.029397829875787 7.1124936660314555 1.7481296758104738 1.0 0.0 0.0 0.0 0.0 0.0 0.0 0.0 0.0 0.0 4.9033 4.9033 4.9033 4.9033
-17.248798401429358 6.888753278746103 1.7581047381546135 1.0 0.0 0.0 0.0 0.0 0.0 0.0 0.0 0.0 0.0 4.9033 4.9033 4.9033 4.9033
-17.46108091596083 6.658248385685612 1.7680798004987532 1.0 0.0 0.0 0.0 0.0 0.0 0.0 0.0 0.0 0.0 4.9033 4.9033 4.9033 4.9033
-17.666036919743185 6.421205334291562 1.7780548628428927 1.0 0.0 0.0 0.0 0.0 0.0 0.0 0.0 0.0 0.0 4.9033 4.9033 4.9033 4.9033
-17.863465153417117 6.17785689223979 1.7880299251870324 1.0 0.0 0.0 0.0 0.0 0.0 0.0 0.0 0.0 0.0 4.9033 4.9033 4.9033 4.9033
-18.053171749620454 5.928442018870982 1.798004987531172 1.0 0.0 0.0 0.0 0.0 0.0 0.0 0.0 0.0 0.0 4.9033 4.9033 4.9033 4.9033
-18.234970423358842 5.673205630541263 1.807980049875312 1.0 0.0 0.0 0.0 0.0 0.0 0.0 0.0 0.0 0.0 4.9033 4.9033 4.9033 4.9033
-18.40868265493087 5.412398360123239 1.8179551122194515 1.0 0.0 0.0 0.0 0.0 0.0 0.0 0.0 0.0 0.0 4.9033 4.9033 4.9033 4.9033
-18.574137865227936 5.14627631089359 1.8279301745635912 1.0 0.0 0.0 0.0 0.0 0.0 0.0 0.0 0.0 0.0 4.9033 4.9033 4.9033 4.9033
-18.73117358323674 4.875100805048955 1.8379052369077309 1.0 0.0 0.0 0.0 0.0 0.0 0.0 0.0 0.0 0.0 4.9033 4.9033 4.9033 4.9033
-18.879635605579914 4.599138127097014 1.8478802992518704 1.0 0.0 0.0 0.0 0.0 0.0 0.0 0.0 0.0 0.0 4.9033 4.9033 4.9033 4.9033
-19.019378147938177 4.318659262374761 1.8578553615960103 1.0 0.0 0.0 0.0 0.0 0.0 0.0 0.0 0.0 0.0 4.9033 4.9033 4.9033 4.9033
-19.150263988205204 4.033939630950744 1.8678304239401498 1.0 0.0 0.0 0.0 0.0 0.0 0.0 0.0 0.0 0.0 4.9033 4.9033 4.9033 4.9033
-19.27216460123478 3.745258817172539 1.8778054862842894 1.0 0.0 0.0 0.0 0.0 0.0 0.0 0.0 0.0 0.0 4.9033 4.9033 4.9033 4.9033
-19.38496028504784 3.4529002951250733 1.8877805486284291 1.0 0.0 0.0 0.0 0.0 0.0 0.0 0.0 0.0 0.0 4.9033 4.9033 4.9033 4.9033
-19.48854027837543 3.157151150269354 1.8977556109725686 1.0 0.0 0.0 0.0 0.0 0.0 0.0 0.0 0.0 0.0 4.9033 4.9033 4.9033 4.9033
-19.582802869422306 2.858301797534965 1.9077306733167083 1.0 0.0 0.0 0.0 0.0 0.0 0.0 0.0 0.0 0.0 4.9033 4.9033 4.9033 4.9033
-19.667655495744185 2.5566456961431427 1.917705735660848 1.0 0.0 0.0 0.0 0.0 0.0 0.0 0.0 0.0 0.0 4.9033 4.9033 4.9033 4.9033
-19.743014835140727 2.2524790614404675 1.9276807980049875 1.0 0.0 0.0 0.0 0.0 0.0 0.0 0.0 0.0 0.0 4.9033 4.9033 4.9033 4.9033
-19.808806887474905 1.9461005740261414 1.9376558603491274 1.0 0.0 0.0 0.0 0.0 0.0 0.0 0.0 0.0 0.0 4.9033 4.9033 4.9033 4.9033
-19.86496704733846 1.637811086458476 1.9476309226932669 1.0 0.0 0.0 0.0 0.0 0.0 0.0 0.0 0.0 0.0 4.9033 4.9033 4.9033 4.9033
-19.911440167492067 1.3279133278285982 1.9576059850374066 1.0 0.0 0.0 0.0 0.0 0.0 0.0 0.0 0.0 0.0 4.9033 4.9033 4.9033 4.9033
-19.948180613017918 1.0167116064914632 1.9675810473815463 1.0 0.0 0.0 0.0 0.0 0.0 0.0 0.0 0.0 0.0 4.9033 4.9033 4.9033 4.9033
-19.97515230613156 0.7045115112460947 1.9775561097256857 1.0 0.0 0.0 0.0 0.0 0.0 0.0 0.0 0.0 0.0 4.9033 4.9033 4.9033 4.9033
-19.992328761608967 0.391619611258469 1.9875311720698257 1.0 0.0 0.0 0.0 0.0 0.0 0.0 0.0 0.0 0.0 4.9033 4.9033 4.9033 4.9033
-19.999693112794077 0.07834315502171939 1.9975062344139651 1.0 0.0 0.0 0.0 0.0 0.0 0.0 0.0 0.0 0.0 4.9033 4.9033 4.9033 4.9033
-19.99723812816122 -0.23501023135073734 2.0074812967581046 1.0 0.0 0.0 0.0 0.0 0.0 0.0 0.0 0.0 0.0 4.9033 4.9033 4.9033 4.9033
-19.98496621841624 -0.5481328462028824 2.0174563591022445 1.0 0.0 0.0 0.0 0.0 0.0 0.0 0.0 0.0 0.0 4.9033 4.9033 4.9033 4.9033
-19.96288943412924 -0.8607172144879567 2.0274314214463844 1.0 0.0 0.0 0.0 0.0 0.0 0.0 0.0 0.0 0.0 4.9033 4.9033 4.9033 4.9033
-19.93102945390138 -1.172456389697801 2.037406483790524 1.0 0.0 0.0 0.0 0.0 0.0 0.0 0.0 0.0 0.0 4.9033 4.9033 4.9033 4.9033
-19.88941756307727 -1.4830442552731902 2.0473815461346634 1.0 0.0 0.0 0.0 0.0 0.0 0.0 0.0 0.0 0.0 4.9033 4.9033 4.9033 4.9033
-19.838094623023892 -1.7921758251991862 2.057356608478803 1.0 0.0 0.0 0.0 0.0 0.0 0.0 0.0 0.0 0.0 4.9033 4.9033 4.9033 4.9033
-19.77711103100623 -2.0995475434903406 2.067331670822943 1.0 0.0 0.0 0.0 0.0 0.0 0.0 0.0 0.0 0.0 4.9033 4.9033 4.9033 4.9033
-19.706526670698974 -2.4048575822716582 2.0773067331670823 1.0 0.0 0.0 0.0 0.0 0.0 0.0 0.0 0.0 0.0 4.9033 4.9033 4.9033 4.9033
-19.62641085338294 -2.7078061381626166 2.087281795511222 1.0 0.0 0.0 0.0 0.0 0.0 0.0 0.0 0.0 0.0 4.9033 4.9033 4.9033 4.9033
-19.536842249883886 -3.0080957266732127 2.0972568578553616 1.0 0.0 0.0 0.0 0.0 0.0 0.0 0.0 0.0 0.0 4.9033 4.9033 4.9033 4.9033
-19.437908813320632 -3.3054314743229343 2.107231920199501 1.0 0.0 0.0 0.0 0.0 0.0 0.0 0.0 0.0 0.0 4.9033 4.9033 4.9033 4.9033
-19.329707692738285 -3.599521408195824 2.117206982543641 1.0 0.0 0.0 0.0 0.0 0.0 0.0 0.0 0.0 0.0 4.9033 4.9033 4.9033 4.9033
-19.212345137711395 -3.890076742647273 2.127182044887781 1.0 0.0 0.0 0.0 0.0 0.0 0.0 0.0 0.0 0.0 4.9033 4.9033 4.9033 4.9033
-19.08593639401073 -4.176812162881073 2.1371571072319204 1.0 0.0 0.0 0.0 0.0 0.0 0.0 0.0 0.0 0.0 4.9033 4.9033 4.9033 4.9033
-18.950605590436123 -4.459446105118172 2.14713216957606 1.0 0.0 0.0 0.0 0.0 0.0 0.0 0.0 0.0 0.0 4.9033 4.9033 4.9033 4.9033
-18.806485616926473 -4.737701033082101 2.1571072319201994 1.0 0.0 0.0 0.0 0.0 0.0 0.0 0.0 0.0 0.0 4.9033 4.9033 4.9033 4.9033
-18.65371799406666 -5.011303710529519 2.1670822942643393 1.0 0.0 0.0 0.0 0.0 0.0 0.0 0.0 0.0 0.0 4.9033 4.9033 4.9033 4.9033
-18.492452734119468 -5.279985469558298 2.177057356608479 1.0 0.0 0.0 0.0 0.0 0.0 0.0 0.0 0.0 0.0 4.9033 4.9033 4.9033 4.9033
-18.322848193718983 -5.54348247442965 2.1870324189526187 1.0 0.0 0.0 0.0 0.0 0.0 0.0 0.0 0.0 0.0 4.9033 4.9033 4.9033 4.9033
-18.145070918370113 -5.801535980645252 2.197007481296758 1.0 0.0 0.0 0.0 0.0 0.0 0.0 0.0 0.0 0.0 4.9033 4.9033 4.9033 4.9033
-17.95929547890696 -6.053892589024954 2.2069825436408976 1.0 0.0 0.0 0.0 0.0 0.0 0.0 0.0 0.0 0.0 4.9033 4.9033 4.9033 4.9033
-17.76570430007059 -6.300304494535579 2.2169576059850375 1.0 0.0 0.0 0.0 0.0 0.0 0.0 0.0 0.0 0.0 4.9033 4.9033 4.9033 4.9033
-17.56448748137454 -6.540529729626479 2.2269326683291775 1.0 0.0 0.0 0.0 0.0 0.0 0.0 0.0 0.0 0.0 4.9033 4.9033 4.9033 4.9033
-17.355842610434046 -6.774332401832883 2.236907730673317 1.0 0.0 0.0 0.0 0.0 0.0 0.0 0.0 0.0 0.0 4.9033 4.9033 4.9033 4.9033
-17.139974568942087 -7.001482925413748 2.2468827930174564 1.0 0.0 0.0 0.0 0.0 0.0 0.0 0.0 0.0 0.0 4.9033 4.9033 4.9033 4.9033
-16.917095331483083 -7.221758246796616 2.256857855361596 1.0 0.0 0.0 0.0 0.0 0.0 0.0 0.0 0.0 0.0 4.9033 4.9033 4.9033 4.9033
-16.687423757381488 -7.43494206360814 2.266832917705736 1.0 0.0 0.0 0.0 0.0 0.0 0.0 0.0 0.0 0.0 4.9033 4.9033 4.9033 4.9033
-16.451185375789898 -7.640825037075157 2.2768079800498757 1.0 0.0 0.0 0.0 0.0 0.0 0.0 0.0 0.0 0.0 4.9033 4.9033 4.9033 4.9033
-16.208612164227603 -7.839204997587771 2.286783042394015 1.0 0.0 0.0 0.0 0.0 0.0 0.0 0.0 0.0 0.0 4.9033 4.9033 4.9033 4.9033
-15.959942320787066 -8.02988714322258 2.2967581047381547 1.0 0.0 0.0 0.0 0.0 0.0 0.0 0.0 0.0 0.0 4.9033 4.9033 4.9033 4.9033
-15.70542003023207 -8.212684231031087 2.306733167082294 1.0 0.0 0.0 0.0 0.0 0.0 0.0 0.0 0.0 0.0 4.9033 4.9033 4.9033 4.9033
-15.445295224217103 -8.387416760905493 2.316708229426434 1.0 0.0 0.0 0.0 0.0 0.0 0.0 0.0 0.0 0.0 4.9033 4.9033 4.9033 4.9033
-15.179823335863569 -8.553913151841279 2.326683291770574 1.0 0.0 0.0 0.0 0.0 0.0 0.0 0.0 0.0 0.0 4.9033 4.9033 4.9033 4.9033
-14.909265048933714 -8.712009910423534 2.3366583541147135 1.0 0.0 0.0 0.0 0.0 0.0 0.0 0.0 0.0 0.0 4.9033 4.9033 4.9033 4.9033
-14.633886041848637 -8.861551791371552 2.346633416458853 1.0 0.0 0.0 0.0 0.0 0.0 0.0 0.0 0.0 0.0 4.9033 4.9033 4.9033 4.9033
-14.353956726801725 -9.002391949984073 2.3566084788029924 1.0 0.0 0.0 0.0 0.0 0.0 0.0 0.0 0.0 0.0 4.9033 4.9033 4.9033 4.9033
-14.069751984223675 -9.134392086335437 2.3665835411471323 1.0 0.0 0.0 0.0 0.0 0.0 0.0 0.0 0.0 0.0 4.9033 4.9033 4.9033 4.9033
-13.781550892859906 -9.25742258108111 2.3765586034912722 1.0 0.0 0.0 0.0 0.0 0.0 0.0 0.0 0.0 0.0 4.9033 4.9033 4.9033 4.9033
-13.489636455725334 -9.371362622739168 2.3865336658354117 1.0 0.0 0.0 0.0 0.0 0.0 0.0 0.0 0.0 0.0 4.9033 4.9033 4.9033 4.9033
-13.194295322205697 -9.476100326322786 2.396508728179551 1.0 0.0 0.0 0.0 0.0 0.0 0.0 0.0 0.0 0.0 4.9033 4.9033 4.9033 4.9033
-12.89581750657825 -9.571532843207242 2.4064837905236907 1.0 0.0 0.0 0.0 0.0 0.0 0.0 0.0 0.0 0.0 4.9033 4.9033 4.9033 4.9033
-12.594496103228273 -9.657566462123535 2.4164588528678306 1.0 0.0 0.0 0.0 0.0 0.0 0.0 0.0 0.0 0.0 4.9033 4.9033 4.9033 4.9033
-12.290626998841011 -9.734116701179445 2.4264339152119705 1.0 0.0 0.0 0.0 0.0 0.0 0.0 0.0 0.0 0.0 4.9033 4.9033 4.9033 4.9033
-11.984508581851692 -9.801108390817694 2.43640897755611 1.0 0.0 0.0 0.0 0.0 0.0 0.0 0.0 0.0 0.0 4.9033 4.9033 4.9033 4.9033
-11.676441449438908 -9.85847574762971 2.4463840399002494 1.0 0.0 0.0 0.0 0.0 0.0 0.0 0.0 0.0 0.0 4.9033 4.9033 4.9033 4.9033
-11.366728112349088 -9.906162438952569 2.456359102244389 1.0 0.0 0.0 0.0 0.0 0.0 0.0 0.0 0.0 0.0 4.9033 4.9033 4.9033 4.9033
-11.05567269784193 -9.944121638185605 2.466334164588529 1.0 0.0 0.0 0.0 0.0 0.0 0.0 0.0 0.0 0.0 4.9033 4.9033 4.9033 4.9033
-10.743580651048456 -9.972316070772443 2.4763092269326683 1.0 0.0 0.0 0.0 0.0 0.0 0.0 0.0 0.0 0.0 4.9033 4.9033 4.9033 4.9033
-10.430758435034985 -9.990718050803265 2.4862842892768082 1.0 0.0 0.0 0.0 0.0 0.0 0.0 0.0 0.0 0.0 4.9033 4.9033 4.9033 4.9033
-10.117513229867514 -9.99930950820136 2.4962593516209477 1.0 0.0 0.0 0.0 0.0 0.0 0.0 0.0 0.0 0.0 4.9033 4.9033 4.9033 4.9033
-9.804152630972046 -9.998082006467282 2.506234413965087 1.0 0.0 0.0 0.0 0.0 0.0 0.0 0.0 0.0 0.0 4.9033 4.9033 4.9033 4.9033
-9.490984347087034 -9.987036750963199 2.516209476309227 1.0 0.0 0.0 0.0 0.0 0.0 0.0 0.0 0.0 0.0 4.9033 4.9033 4.9033 4.9033
-9.178315898104572 -9.966184587729263 2.5261845386533666 1.0 0.0 0.0 0.0 0.0 0.0 0.0 0.0 0.0 0.0 4.9033 4.9033 4.9033 4.9033
-8.86645431309701 -9.93554599283319 2.5361596009975065 1.0 0.0 0.0 0.0 0.0 0.0 0.0 0.0 0.0 0.0 4.9033 4.9033 4.9033 4.9033
-8.555705828825559 -9.895151052263504 2.546134663341646 1.0 0.0 0.0 0.0 0.0 0.0 0.0 0.0 0.0 0.0 4.9033 4.9033 4.9033 4.9033
-8.246375589026883 -9.8450394323862 2.5561097256857854 1.0 0.0 0.0 0.0 0.0 0.0 0.0 0.0 0.0 0.0 4.9033 4.9033 4.9033 4.9033
-7.938767344773039 -9.785260340993796 2.5660847880299253 1.0 0.0 0.0 0.0 0.0 0.0 0.0 0.0 0.0 0.0 4.9033 4.9033 4.9033 4.9033
-7.633183156198937 -9.715872478985075 2.576059850374065 1.0 0.0 0.0 0.0 0.0 0.0 0.0 0.0 0.0 0.0 4.9033 4.9033 4.9033 4.9033
-7.329923095890248 -9.63694398272293 2.5860349127182047 1.0 0.0 0.0 0.0 0.0 0.0 0.0 0.0 0.0 0.0 4.9033 4.9033 4.9033 4.9033
-7.02928495422301 -9.548552357126928 2.596009975062344 1.0 0.0 0.0 0.0 0.0 0.0 0.0 0.0 0.0 0.0 4.9033 4.9033 4.9033 4.9033
-6.731563946944281 -9.45078439956629 2.605985037406484 1.0 0.0 0.0 0.0 0.0 0.0 0.0 0.0 0.0 0.0 4.9033 4.9033 4.9033 4.9033
-6.437052425281018 -9.343736114628031 2.615960099750624 1.0 0.0 0.0 0.0 0.0 0.0 0.0 0.0 0.0 0.0 4.9033 4.9033 4.9033 4.9033
-6.146039588861724 -9.227512619843925 2.6259351620947635 1.0 0.0 0.0 0.0 0.0 0.0 0.0 0.0 0.0 0.0 4.9033 4.9033 4.9033 4.9033
-5.858811201732947 -9.102228042468914 2.635910224438903 1.0 0.0 0.0 0.0 0.0 0.0 0.0 0.0 0.0 0.0 4.9033 4.9033 4.9033 4.9033
-5.575649311749341 -8.968005407412281 2.6458852867830425 1.0 0.0 0.0 0.0 0.0 0.0 0.0 0.0 0.0 0.0 4.9033 4.9033 4.9033 4.9033
-5.2968319736129095 -8.824976516431652 2.6558603491271824 1.0 0.0 0.0 0.0 0.0 0.0 0.0 0.0 0.0 0.0 4.9033 4.9033 4.9033 4.9033
-5.022632975833375 -8.673281818708457 2.6658354114713223 1.0 0.0 0.0 0.0 0.0 0.0 0.0 0.0 0.0 0.0 4.9033 4.9033 4.9033 4.9033
-4.753321571877795 -8.513070272931916 2.6758104738154618 1.0 0.0 0.0 0.0 0.0 0.0 0.0 0.0 0.0 0.0 4.9033 4.9033 4.9033 4.9033
-4.48916221577343 -8.344499201027032 2.6857855361596013 1.0 0.0 0.0 0.0 0.0 0.0 0.0 0.0 0.0 0.0 4.9033 4.9033 4.9033 4.9033
-4.230414302423484 -8.167734133670152 2.6957605985037407 1.0 0.0 0.0 0.0 0.0 0.0 0.0 0.0 0.0 0.0 4.9033 4.9033 4.9033 4.9033
-3.977331912890717 -7.982948647743853 2.7057356608478806 1.0 0.0 0.0 0.0 0.0 0.0 0.0 0.0 0.0 0.0 4.9033 4.9033 4.9033 4.9033
-3.7301635648990636 -7.790324195890745 2.7157107231920206 1.0 0.0 0.0 0.0 0.0 0.0 0.0 0.0 0.0 0.0 4.9033 4.9033 4.9033 4.9033
-3.489151968798243 -7.590049928333555 2.72568578553616 1.0 0.0 0.0 0.0 0.0 0.0 0.0 0.0 0.0 0.0 4.9033 4.9033 4.9033 4.9033
-3.2545337892310053 -7.382322507136475 2.7356608478802995 1.0 0.0 0.0 0.0 0.0 0.0 0.0 0.0 0.0 0.0 4.9033 4.9033 4.9033 4.9033
-3.0265394127370353 -7.1673459130901485 2.745635910224439 1.0 0.0 0.0 0.0 0.0 0.0 0.0 0.0 0.0 0.0 4.9033 4.9033 4.9033 4.9033
-2.80539272152173 -6.945331245409934 2.755610972568579 1.0 0.0 0.0 0.0 0.0 0.0 0.0 0.0 0.0 0.0 4.9033 4.9033 4.9033 4.9033
-2.5913108736120005 -6.7164965144441355 2.7655860349127184 1.0 0.0 0.0 0.0 0.0 0.0 0.0 0.0 0.0 0.0 4.9033 4.9033 4.9033 4.9033
-2.384504089614964 -6.481066427595755 2.7755610972568583 1.0 0.0 0.0 0.0 0.0 0.0 0.0 0.0 0.0 0.0 4.9033 4.9033 4.9033 4.9033
-2.185175446288935 -6.2392721686679655 2.7855361596009978 1.0 0.0 0.0 0.0 0.0 0.0 0.0 0.0 0.0 0.0 4.9033 4.9033 4.9033 4.9033
-1.9935206771294194 -5.991351170850017 2.7955112219451372 1.0 0.0 0.0 0.0 0.0 0.0 0.0 0.0 0.0 0.0 4.9033 4.9033 4.9033 4.9033
-1.8097279801659276 -5.737546883566451 2.805486284289277 1.0 0.0 0.0 0.0 0.0 0.0 0.0 0.0 0.0 0.0 4.9033 4.9033 4.9033 4.9033
-1.6339778331583226 -5.4781085334186 2.8154613466334166 1.0 0.0 0.0 0.0 0.0 0.0 0.0 0.0 0.0 0.0 4.9033 4.9033 4.9033 4.9033
-1.4664428163742276 -5.213290879453108 2.8254364089775565 1.0 0.0 0.0 0.0 0.0 0.0 0.0 0.0 0.0 0.0 4.9033 4.9033 4.9033 4.9033
-1.3072874431214512 -4.943353962997794 2.835411471321696 1.0 0.0 0.0 0.0 0.0 0.0 0.0 0.0 0.0 0.0 4.9033 4.9033 4.9033 4.9033
-1.156667998201895 -4.6685628523104965 2.8453865336658355 1.0 0.0 0.0 0.0 0.0 0.0 0.0 0.0 0.0 0.0 4.9033 4.9033 4.9033 4.9033
-1.014732384445546 -4.3891873822916665 2.855361596009975 1.0 0.0 0.0 0.0 0.0 0.0 0.0 0.0 0.0 0.0 4.9033 4.9033 4.9033 4.9033
-0.881619977475264 -4.105501889516284 2.865336658354115 1.0 0.0 0.0 0.0 0.0 0.0 0.0 0.0 0.0 0.0 4.9033 4.9033 4.9033 4.9033
-0.7574614888449744 -3.8177849428452957 2.875311720698255 1.0 0.0 0.0 0.0 0.0 0.0 0.0 0.0 0.0 0.0 4.9033 4.9033 4.9033 4.9033
-0.6423788376856763 -3.5263190698811004 2.8852867830423943 1.0 0.0 0.0 0.0 0.0 0.0 0.0 0.0 0.0 0.0 4.9033 4.9033 4.9033 4.9033
-0.5364850309852578 -3.231390479535694 2.8952618453865338 1.0 0.0 0.0 0.0 0.0 0.0 0.0 0.0 0.0 0.0 4.9033 4.9033 4.9033 4.9033
-0.43988405261976027 -2.9332887809839034 2.9052369077306732 1.0 0.0 0.0 0.0 0.0 0.0 0.0 0.0 0.0 0.0 4.9033 4.9033 4.9033 4.9033
-0.35267076124496377 -2.6323066992776862 2.915211970074813 1.0 0.0 0.0 0.0 0.0 0.0 0.0 0.0 0.0 0.0 4.9033 4.9033 4.9033 4.9033
-0.2749307971486399 -2.3287397879007448 2.925187032418953 1.0 0.0 0.0 0.0 0.0 0.0 0.0 0.0 0.0 0.0 4.9033 4.9033 4.9033 4.9033
-0.2067404981548897 -2.0228861385457355 2.9351620947630925 1.0 0.0 0.0 0.0 0.0 0.0 0.0 0.0 0.0 0.0 4.9033 4.9033 4.9033 4.9033
-0.1481668246631802 -1.7150460883990395 2.945137157107232 1.0 0.0 0.0 0.0 0.0 0.0 0.0 0.0 0.0 0.0 4.9033 4.9033 4.9033 4.9033
-0.09926729389565025 -1.405521925220542 2.9551122194513715 1.0 0.0 0.0 0.0 0.0 0.0 0.0 0.0 0.0 0.0 4.9033 4.9033 4.9033 4.9033
-0.060089923417294244 -1.094617590508021 2.9650872817955114 1.0 0.0 0.0 0.0 0.0 0.0 0.0 0.0 0.0 0.0 4.9033 4.9033 4.9033 4.9033
-0.030673183984447405 -0.7826383810376245 2.9750623441396513 1.0 0.0 0.0 0.0 0.0 0.0 0.0 0.0 0.0 0.0 4.9033 4.9033 4.9033 4.9033
-0.01104596176790551 -0.4698906490735122 2.985037406483791 1.0 0.0 0.0 0.0 0.0 0.0 0.0 0.0 0.0 0.0 4.9033 4.9033 4.9033 4.9033
-0.0012275299877515522 -0.15668150154104918 2.9950124688279303 1.0 0.0 0.0 0.0 0.0 0.0 0.0 0.0 0.0 0.0 4.9033 4.9033 4.9033 4.9033
-0.0012275299877515522 0.15668150154105318 3.00498753117207 1.0 0.0 0.0 0.0 0.0 0.0 0.0 0.0 0.0 0.0 4.9033 4.9033 4.9033 4.9033
-0.01104596176790551 0.46989064907351613 3.0149625935162097 1.0 0.0 0.0 0.0 0.0 0.0 0.0 0.0 0.0 0.0 4.9033 4.9033 4.9033 4.9033
-0.030673183984447405 0.7826383810376283 3.024937655860349 1.0 0.0 0.0 0.0 0.0 0.0 0.0 0.0 0.0 0.0 4.9033 4.9033 4.9033 4.9033
-0.060089923417294244 1.094617590508025 3.034912718204489 1.0 0.0 0.0 0.0 0.0 0.0 0.0 0.0 0.0 0.0 4.9033 4.9033 4.9033 4.9033
-0.09926729389565203 1.4055219252205458 3.0448877805486285 1.0 0.0 0.0 0.0 0.0 0.0 0.0 0.0 0.0 0.0 4.9033 4.9033 4.9033 4.9033
-0.14816682466318198 1.7150460883990435 3.0548628428927684 1.0 0.0 0.0 0.0 0.0 0.0 0.0 0.0 0.0 0.0 4.9033 4.9033 4.9033 4.9033
-0.20674049815489148 2.0228861385457395 3.064837905236908 1.0 0.0 0.0 0.0 0.0 0.0 0.0 0.0 0.0 0.0 4.9033 4.9033 4.9033 4.9033
-0.2749307971486399 2.3287397879007483 3.0748129675810474 1.0 0.0 0.0 0.0 0.0 0.0 0.0 0.0 0.0 0.0 4.9033 4.9033 4.9033 4.9033
-0.35267076124496555 2.63230669927769 3.0847880299251873 1.0 0.0 0.0 0.0 0.0 0.0 0.0 0.0 0.0 0.0 4.9033 4.9033 4.9033 4.9033
-0.43988405261976204 2.9332887809839074 3.0947630922693268 1.0 0.0 0.0 0.0 0.0 0.0 0.0 0.0 0.0 0.0 4.9033 4.9033 4.9033 4.9033
-0.5364850309852596 3.231390479535698 3.1047381546134667 1.0 0.0 0.0 0.0 0.0 0.0 0.0 0.0 0.0 0.0 4.9033 4.9033 4.9033 4.9033
-0.6423788376856763 3.5263190698811044 3.114713216957606 1.0 0.0 0.0 0.0 0.0 0.0 0.0 0.0 0.0 0.0 4.9033 4.9033 4.9033 4.9033
-0.757461488844978 3.8177849428452997 3.1246882793017456 1.0 0.0 0.0 0.0 0.0 0.0 0.0 0.0 0.0 0.0 4.9033 4.9033 4.9033 4.9033
-0.8816199774752658 4.1055018895162885 3.1346633416458856 1.0 0.0 0.0 0.0 0.0 0.0 0.0 0.0 0.0 0.0 4.9033 4.9033 4.9033 4.9033
-1.0147323844455478 4.38918738229167 3.144638403990025 1.0 0.0 0.0 0.0 0.0 0.0 0.0 0.0 0.0 0.0 4.9033 4.9033 4.9033 4.9033
-1.1566679982018968 4.6685628523105 3.1546134663341645 1.0 0.0 0.0 0.0 0.0 0.0 0.0 0.0 0.0 0.0 4.9033 4.9033 4.9033 4.9033
-1.307287443121453 4.943353962997797 3.1645885286783044 1.0 0.0 0.0 0.0 0.0 0.0 0.0 0.0 0.0 0.0 4.9033 4.9033 4.9033 4.9033
-1.4664428163742294 5.213290879453112 3.174563591022444 1.0 0.0 0.0 0.0 0.0 0.0 0.0 0.0 0.0 0.0 4.9033 4.9033 4.9033 4.9033
-1.6339778331583243 5.478108533418603 3.184538653366584 1.0 0.0 0.0 0.0 0.0 0.0 0.0 0.0 0.0 0.0 4.9033 4.9033 4.9033 4.9033
-1.8097279801659294 5.737546883566455 3.1945137157107233 1.0 0.0 0.0 0.0 0.0 0.0 0.0 0.0 0.0 0.0 4.9033 4.9033 4.9033 4.9033
-1.993520677129423 5.99135117085002 3.2044887780548628 1.0 0.0 0.0 0.0 0.0 0.0 0.0 0.0 0.0 0.0 4.9033 4.9033 4.9033 4.9033
-2.1851754462889375 6.239272168667968 3.2144638403990027 1.0 0.0 0.0 0.0 0.0 0.0 0.0 0.0 0.0 0.0 4.9033 4.9033 4.9033 4.9033
-2.384504089614966 6.481066427595756 3.224438902743142 1.0 0.0 0.0 0.0 0.0 0.0 0.0 0.0 0.0 0.0 4.9033 4.9033 4.9033 4.9033
-2.5913108736120094 6.716496514444144 3.234413965087282 1.0 0.0 0.0 0.0 0.0 0.0 0.0 0.0 0.0 0.0 4.9033 4.9033 4.9033 4.9033
-2.8053927215217387 6.9453312454099425 3.244389027431422 1.0 0.0 0.0 0.0 0.0 0.0 0.0 0.0 0.0 0.0 4.9033 4.9033 4.9033 4.9033
-3.026539412737044 7.167345913090157 3.2543640897755615 1.0 0.0 0.0 0.0 0.0 0.0 0.0 0.0 0.0 0.0 4.9033 4.9033 4.9033 4.9033
-3.254533789231014 7.382322507136484 3.264339152119701 1.0 0.0 0.0 0.0 0.0 0.0 0.0 0.0 0.0 0.0 4.9033 4.9033 4.9033 4.9033
-3.489151968798253 7.590049928333563 3.274314214463841 1.0 0.0 0.0 0.0 0.0 0.0 0.0 0.0 0.0 0.0 4.9033 4.9033 4.9033 4.9033
-3.7301635648990743 7.790324195890753 3.2842892768079803 1.0 0.0 0.0 0.0 0.0 0.0 0.0 0.0 0.0 0.0 4.9033 4.9033 4.9033 4.9033
-3.977331912890728 7.982948647743861 3.2942643391521202 1.0 0.0 0.0 0.0 0.0 0.0 0.0 0.0 0.0 0.0 4.9033 4.9033 4.9033 4.9033
-4.230414302423496 8.167734133670159 3.3042394014962597 1.0 0.0 0.0 0.0 0.0 0.0 0.0 0.0 0.0 0.0 4.9033 4.9033 4.9033 4.9033
-4.489162215773441 8.344499201027041 3.314214463840399 1.0 0.0 0.0 0.0 0.0 0.0 0.0 0.0 0.0 0.0 4.9033 4.9033 4.9033 4.9033
-4.753321571877805 8.513070272931923 3.324189526184539 1.0 0.0 0.0 0.0 0.0 0.0 0.0 0.0 0.0 0.0 4.9033 4.9033 4.9033 4.9033
-5.022632975833385 8.673281818708462 3.3341645885286786 1.0 0.0 0.0 0.0 0.0 0.0 0.0 0.0 0.0 0.0 4.9033 4.9033 4.9033 4.9033
-5.29683197361292 8.82497651643166 3.3441396508728185 1.0 0.0 0.0 0.0 0.0 0.0 0.0 0.0 0.0 0.0 4.9033 4.9033 4.9033 4.9033
-5.575649311749353 8.968005407412287 3.354114713216958 1.0 0.0 0.0 0.0 0.0 0.0 0.0 0.0 0.0 0.0 4.9033 4.9033 4.9033 4.9033
-5.8588112017329586 9.10222804246892 3.3640897755610975 1.0 0.0 0.0 0.0 0.0 0.0 0.0 0.0 0.0 0.0 4.9033 4.9033 4.9033 4.9033
-6.146039588861736 9.22751261984393 3.3740648379052374 1.0 0.0 0.0 0.0 0.0 0.0 0.0 0.0 0.0 0.0 4.9033 4.9033 4.9033 4.9033
-6.4370524252810295 9.343736114628035 3.384039900249377 1.0 0.0 0.0 0.0 0.0 0.0 0.0 0.0 0.0 0.0 4.9033 4.9033 4.9033 4.9033
-6.731563946944293 9.450784399566295 3.3940149625935168 1.0 0.0 0.0 0.0 0.0 0.0 0.0 0.0 0.0 0.0 4.9033 4.9033 4.9033 4.9033
-7.029284954223014 9.54855235712693 3.4039900249376562 1.0 0.0 0.0 0.0 0.0 0.0 0.0 0.0 0.0 0.0 4.9033 4.9033 4.9033 4.9033
-7.32992309589025 9.636943982722931 3.4139650872817957 1.0 0.0 0.0 0.0 0.0 0.0 0.0 0.0 0.0 0.0 4.9033 4.9033 4.9033 4.9033
-7.633183156198941 9.715872478985075 3.4239401496259356 1.0 0.0 0.0 0.0 0.0 0.0 0.0 0.0 0.0 0.0 4.9033 4.9033 4.9033 4.9033
-7.9387673447730425 9.785260340993796 3.433915211970075 1.0 0.0 0.0 0.0 0.0 0.0 0.0 0.0 0.0 0.0 4.9033 4.9033 4.9033 4.9033
-8.246375589026886 9.8450394323862 3.4438902743142146 1.0 0.0 0.0 0.0 0.0 0.0 0.0 0.0 0.0 0.0 4.9033 4.9033 4.9033 4.9033
-8.555705828825563 9.895151052263504 3.4538653366583545 1.0 0.0 0.0 0.0 0.0 0.0 0.0 0.0 0.0 0.0 4.9033 4.9033 4.9033 4.9033
-8.866454313097016 9.93554599283319 3.463840399002494 1.0 0.0 0.0 0.0 0.0 0.0 0.0 0.0 0.0 0.0 4.9033 4.9033 4.9033 4.9033
-9.178315898104575 9.966184587729263 3.473815461346634 1.0 0.0 0.0 0.0 0.0 0.0 0.0 0.0 0.0 0.0 4.9033 4.9033 4.9033 4.9033
-9.49098434708704 9.987036750963199 3.4837905236907734 1.0 0.0 0.0 0.0 0.0 0.0 0.0 0.0 0.0 0.0 4.9033 4.9033 4.9033 4.9033
-9.80415263097205 9.998082006467282 3.493765586034913 1.0 0.0 0.0 0.0 0.0 0.0 0.0 0.0 0.0 0.0 4.9033 4.9033 4.9033 4.9033
-10.117513229867518 9.99930950820136 3.5037406483790527 1.0 0.0 0.0 0.0 0.0 0.0 0.0 0.0 0.0 0.0 4.9033 4.9033 4.9033 4.9033
-10.430758435034988 9.990718050803265 3.513715710723192 1.0 0.0 0.0 0.0 0.0 0.0 0.0 0.0 0.0 0.0 4.9033 4.9033 4.9033 4.9033
-10.74358065104846 9.972316070772443 3.523690773067332 1.0 0.0 0.0 0.0 0.0 0.0 0.0 0.0 0.0 0.0 4.9033 4.9033 4.9033 4.9033
-11.055672697841933 9.944121638185603 3.5336658354114716 1.0 0.0 0.0 0.0 0.0 0.0 0.0 0.0 0.0 0.0 4.9033 4.9033 4.9033 4.9033
-11.366728112349092 9.906162438952569 3.543640897755611 1.0 0.0 0.0 0.0 0.0 0.0 0.0 0.0 0.0 0.0 4.9033 4.9033 4.9033 4.9033
-11.676441449438911 9.85847574762971 3.553615960099751 1.0 0.0 0.0 0.0 0.0 0.0 0.0 0.0 0.0 0.0 4.9033 4.9033 4.9033 4.9033
-11.984508581851706 9.80110839081769 3.563591022443891 1.0 0.0 0.0 0.0 0.0 0.0 0.0 0.0 0.0 0.0 4.9033 4.9033 4.9033 4.9033
-12.290626998841017 9.734116701179445 3.5735660847880304 1.0 0.0 0.0 0.0 0.0 0.0 0.0 0.0 0.0 0.0 4.9033 4.9033 4.9033 4.9033
-12.594496103228286 9.657566462123533 3.5835411471321703 1.0 0.0 0.0 0.0 0.0 0.0 0.0 0.0 0.0 0.0 4.9033 4.9033 4.9033 4.9033
-12.895817506578254 9.57153284320724 3.5935162094763093 1.0 0.0 0.0 0.0 0.0 0.0 0.0 0.0 0.0 0.0 4.9033 4.9033 4.9033 4.9033
-13.19429532220571 9.476100326322781 3.6034912718204493 1.0 0.0 0.0 0.0 0.0 0.0 0.0 0.0 0.0 0.0 4.9033 4.9033 4.9033 4.9033
-13.489636455725337 9.371362622739166 3.6134663341645887 1.0 0.0 0.0 0.0 0.0 0.0 0.0 0.0 0.0 0.0 4.9033 4.9033 4.9033 4.9033
-13.781550892859917 9.257422581081107 3.6234413965087287 1.0 0.0 0.0 0.0 0.0 0.0 0.0 0.0 0.0 0.0 4.9033 4.9033 4.9033 4.9033
-14.069751984223679 9.134392086335435 3.633416458852868 1.0 0.0 0.0 0.0 0.0 0.0 0.0 0.0 0.0 0.0 4.9033 4.9033 4.9033 4.9033
-14.353956726801737 9.002391949984066 3.643391521197008 1.0 0.0 0.0 0.0 0.0 0.0 0.0 0.0 0.0 0.0 4.9033 4.9033 4.9033 4.9033
-14.63388604184864 8.86155179137155 3.6533665835411475 1.0 0.0 0.0 0.0 0.0 0.0 0.0 0.0 0.0 0.0 4.9033 4.9033 4.9033 4.9033
-14.909265048933726 8.712009910423527 3.6633416458852874 1.0 0.0 0.0 0.0 0.0 0.0 0.0 0.0 0.0 0.0 4.9033 4.9033 4.9033 4.9033
-15.179823335863572 8.553913151841277 3.6733167082294265 1.0 0.0 0.0 0.0 0.0 0.0 0.0 0.0 0.0 0.0 4.9033 4.9033 4.9033 4.9033
-15.445295224217116 8.387416760905486 3.683291770573567 1.0 0.0 0.0 0.0 0.0 0.0 0.0 0.0 0.0 0.0 4.9033 4.9033 4.9033 4.9033
-15.705420030232073 8.212684231031085 3.693266832917706 1.0 0.0 0.0 0.0 0.0 0.0 0.0 0.0 0.0 0.0 4.9033 4.9033 4.9033 4.9033
-15.959942320787077 8.029887143222572 3.7032418952618458 1.0 0.0 0.0 0.0 0.0 0.0 0.0 0.0 0.0 0.0 4.9033 4.9033 4.9033 4.9033
-16.208612164227603 7.839204997587768 3.7132169576059852 1.0 0.0 0.0 0.0 0.0 0.0 0.0 0.0 0.0 0.0 4.9033 4.9033 4.9033 4.9033
-16.45118537578991 7.640825037075148 3.723192019950125 1.0 0.0 0.0 0.0 0.0 0.0 0.0 0.0 0.0 0.0 4.9033 4.9033 4.9033 4.9033
-16.68742375738149 7.434942063608138 3.7331670822942646 1.0 0.0 0.0 0.0 0.0 0.0 0.0 0.0 0.0 0.0 4.9033 4.9033 4.9033 4.9033
-16.91709533148309 7.2217582467966075 3.7431421446384046 1.0 0.0 0.0 0.0 0.0 0.0 0.0 0.0 0.0 0.0 4.9033 4.9033 4.9033 4.9033
-17.13997456894209 7.001482925413745 3.753117206982544 1.0 0.0 0.0 0.0 0.0 0.0 0.0 0.0 0.0 0.0 4.9033 4.9033 4.9033 4.9033
-17.355842610434053 6.774332401832873 3.763092269326684 1.0 0.0 0.0 0.0 0.0 0.0 0.0 0.0 0.0 0.0 4.9033 4.9033 4.9033 4.9033
-17.56448748137455 6.540529729626475 3.773067331670823 1.0 0.0 0.0 0.0 0.0 0.0 0.0 0.0 0.0 0.0 4.9033 4.9033 4.9033 4.9033
-17.765704300070595 6.300304494535569 3.783042394014963 1.0 0.0 0.0 0.0 0.0 0.0 0.0 0.0 0.0 0.0 4.9033 4.9033 4.9033 4.9033
-17.95929547890696 6.053892589024951 3.7930174563591024 1.0 0.0 0.0 0.0 0.0 0.0 0.0 0.0 0.0 0.0 4.9033 4.9033 4.9033 4.9033
-18.145070918370116 5.801535980645242 3.8029925187032423 1.0 0.0 0.0 0.0 0.0 0.0 0.0 0.0 0.0 0.0 4.9033 4.9033 4.9033 4.9033
-18.322848193718983 5.543482474429648 3.8129675810473818 1.0 0.0 0.0 0.0 0.0 0.0 0.0 0.0 0.0 0.0 4.9033 4.9033 4.9033 4.9033
-18.492452734119475 5.279985469558287 3.8229426433915217 1.0 0.0 0.0 0.0 0.0 0.0 0.0 0.0 0.0 0.0 4.9033 4.9033 4.9033 4.9033
-18.65371799406666 5.011303710529516 3.832917705735661 1.0 0.0 0.0 0.0 0.0 0.0 0.0 0.0 0.0 0.0 4.9033 4.9033 4.9033 4.9033
-18.806485616926476 4.7377010330820895 3.842892768079801 1.0 0.0 0.0 0.0 0.0 0.0 0.0 0.0 0.0 0.0 4.9033 4.9033 4.9033 4.9033
-18.950605590436126 4.459446105118169 3.8528678304239405 1.0 0.0 0.0 0.0 0.0 0.0 0.0 0.0 0.0 0.0 4.9033 4.9033 4.9033 4.9033
-19.085936394010737 4.1768121628810615 3.8628428927680805 1.0 0.0 0.0 0.0 0.0 0.0 0.0 0.0 0.0 0.0 4.9033 4.9033 4.9033 4.9033
-19.212345137711395 3.8900767426472695 3.8728179551122195 1.0 0.0 0.0 0.0 0.0 0.0 0.0 0.0 0.0 0.0 4.9033 4.9033 4.9033 4.9033
-19.32970769273829 3.5995214081958116 3.8827930174563594 1.0 0.0 0.0 0.0 0.0 0.0 0.0 0.0 0.0 0.0 4.9033 4.9033 4.9033 4.9033
-19.437908813320632 3.3054314743229347 3.892768079800499 1.0 0.0 0.0 0.0 0.0 0.0 0.0 0.0 0.0 0.0 4.9033 4.9033 4.9033 4.9033
-19.53684224988389 3.008095726673205 3.902743142144639 1.0 0.0 0.0 0.0 0.0 0.0 0.0 0.0 0.0 0.0 4.9033 4.9033 4.9033 4.9033
-19.62641085338294 2.707806138162617 3.9127182044887783 1.0 0.0 0.0 0.0 0.0 0.0 0.0 0.0 0.0 0.0 4.9033 4.9033 4.9033 4.9033
-19.706526670698977 2.40485758227165 3.922693266832918 1.0 0.0 0.0 0.0 0.0 0.0 0.0 0.0 0.0 0.0 4.9033 4.9033 4.9033 4.9033
-19.77711103100623 2.0995475434903415 3.9326683291770577 1.0 0.0 0.0 0.0 0.0 0.0 0.0 0.0 0.0 0.0 4.9033 4.9033 4.9033 4.9033
-19.838094623023892 1.792175825199178 3.9426433915211976 1.0 0.0 0.0 0.0 0.0 0.0 0.0 0.0 0.0 0.0 4.9033 4.9033 4.9033 4.9033
-19.88941756307727 1.4830442552731906 3.9526184538653366 1.0 0.0 0.0 0.0 0.0 0.0 0.0 0.0 0.0 0.0 4.9033 4.9033 4.9033 4.9033
-19.93102945390138 1.1724563896977929 3.9625935162094765 1.0 0.0 0.0 0.0 0.0 0.0 0.0 0.0 0.0 0.0 4.9033 4.9033 4.9033 4.9033
-19.96288943412924 0.8607172144879572 3.972568578553616 1.0 0.0 0.0 0.0 0.0 0.0 0.0 0.0 0.0 0.0 4.9033 4.9033 4.9033 4.9033
-19.98496621841624 0.548132846202874 3.982543640897756 1.0 0.0 0.0 0.0 0.0 0.0 0.0 0.0 0.0 0.0 4.9033 4.9033 4.9033 4.9033
-19.99723812816122 0.23501023135073779 3.9925187032418954 1.0 0.0 0.0 0.0 0.0 0.0 0.0 0.0 0.0 0.0 4.9033 4.9033 4.9033 4.9033
-19.999693112794077 -0.07834315502172783 4.002493765586035 1.0 0.0 0.0 0.0 0.0 0.0 0.0 0.0 0.0 0.0 4.9033 4.9033 4.9033 4.9033
-19.992328761608967 -0.39161961125846856 4.012468827930174 1.0 0.0 0.0 0.0 0.0 0.0 0.0 0.0 0.0 0.0 4.9033 4.9033 4.9033 4.9033
-19.975152306131555 -0.7045115112461031 4.022443890274315 1.0 0.0 0.0 0.0 0.0 0.0 0.0 0.0 0.0 0.0 4.9033 4.9033 4.9033 4.9033
-19.948180613017918 -1.016711606491463 4.032418952618454 1.0 0.0 0.0 0.0 0.0 0.0 0.0 0.0 0.0 0.0 4.9033 4.9033 4.9033 4.9033
-19.911440167492067 -1.3279133278286066 4.0423940149625945 1.0 0.0 0.0 0.0 0.0 0.0 0.0 0.0 0.0 0.0 4.9033 4.9033 4.9033 4.9033
-19.86496704733846 -1.6378110864584758 4.052369077306733 1.0 0.0 0.0 0.0 0.0 0.0 0.0 0.0 0.0 0.0 4.9033 4.9033 4.9033 4.9033
-19.8088068874749 -1.9461005740261494 4.0623441396508735 1.0 0.0 0.0 0.0 0.0 0.0 0.0 0.0 0.0 0.0 4.9033 4.9033 4.9033 4.9033
-19.743014835140727 -2.252479061440467 4.072319201995013 1.0 0.0 0.0 0.0 0.0 0.0 0.0 0.0 0.0 0.0 4.9033 4.9033 4.9033 4.9033
-19.667655495744185 -2.5566456961431507 4.082294264339152 1.0 0.0 0.0 0.0 0.0 0.0 0.0 0.0 0.0 0.0 4.9033 4.9033 4.9033 4.9033
-19.582802869422306 -2.8583017975349643 4.092269326683292 1.0 0.0 0.0 0.0 0.0 0.0 0.0 0.0 0.0 0.0 4.9033 4.9033 4.9033 4.9033
-19.488540278375428 -3.1571511502693617 4.102244389027431 1.0 0.0 0.0 0.0 0.0 0.0 0.0 0.0 0.0 0.0 4.9033 4.9033 4.9033 4.9033
-19.38496028504784 -3.4529002951250725 4.112219451371571 1.0 0.0 0.0 0.0 0.0 0.0 0.0 0.0 0.0 0.0 4.9033 4.9033 4.9033 4.9033
-19.272164601234778 -3.745258817172547 4.122194513715711 1.0 0.0 0.0 0.0 0.0 0.0 0.0 0.0 0.0 0.0 4.9033 4.9033 4.9033 4.9033
-19.150263988205204 -4.033939630950743 4.132169576059851 1.0 0.0 0.0 0.0 0.0 0.0 0.0 0.0 0.0 0.0 4.9033 4.9033 4.9033 4.9033
-19.01937814793817 -4.318659262374769 4.142144638403991 1.0 0.0 0.0 0.0 0.0 0.0 0.0 0.0 0.0 0.0 4.9033 4.9033 4.9033 4.9033
-18.879635605579914 -4.599138127097013 4.15211970074813 1.0 0.0 0.0 0.0 0.0 0.0 0.0 0.0 0.0 0.0 4.9033 4.9033 4.9033 4.9033
-18.731173583236732 -4.875100805048962 4.16209476309227 1.0 0.0 0.0 0.0 0.0 0.0 0.0 0.0 0.0 0.0 4.9033 4.9033 4.9033 4.9033
-18.574137865227936 -5.14627631089359 4.1720698254364095 1.0 0.0 0.0 0.0 0.0 0.0 0.0 0.0 0.0 0.0 4.9033 4.9033 4.9033 4.9033
-18.408682654930864 -5.412398360123247 4.182044887780549 1.0 0.0 0.0 0.0 0.0 0.0 0.0 0.0 0.0 0.0 4.9033 4.9033 4.9033 4.9033
-18.234970423358842 -5.673205630541263 4.192019950124688 1.0 0.0 0.0 0.0 0.0 0.0 0.0 0.0 0.0 0.0 4.9033 4.9033 4.9033 4.9033
-18.053171749620454 -5.928442018870985 4.201995012468828 1.0 0.0 0.0 0.0 0.0 0.0 0.0 0.0 0.0 0.0 4.9033 4.9033 4.9033 4.9033
-17.86346515341711 -6.1778568922398005 4.211970074812968 1.0 0.0 0.0 0.0 0.0 0.0 0.0 0.0 0.0 0.0 4.9033 4.9033 4.9033 4.9033
-17.666036919743185 -6.421205334291566 4.221945137157108 1.0 0.0 0.0 0.0 0.0 0.0 0.0 0.0 0.0 0.0 4.9033 4.9033 4.9033 4.9033
-17.461080915960824 -6.658248385685621 4.231920199501248 1.0 0.0 0.0 0.0 0.0 0.0 0.0 0.0 0.0 0.0 4.9033 4.9033 4.9033 4.9033
-17.248798401429354 -6.888753278746105 4.241895261845387 1.0 0.0 0.0 0.0 0.0 0.0 0.0 0.0 0.0 0.0 4.9033 4.9033 4.9033 4.9033
-17.029397829875776 -7.112493666031464 4.251870324189527 1.0 0.0 0.0 0.0 0.0 0.0 0.0 0.0 0.0 0.0 4.9033 4.9033 4.9033 4.9033
-16.80309464470087 -7.3292498425993315 4.2618453865336665 1.0 0.0 0.0 0.0 0.0 0.0 0.0 0.0 0.0 0.0 4.9033 4.9033 4.9033 4.9033
-16.570111067421497 -7.538808961748903 4.271820448877806 1.0 0.0 0.0 0.0 0.0 0.0 0.0 0.0 0.0 0.0 4.9033 4.9033 4.9033 4.9033
-16.330675879457225 -7.740965244028583 4.2817955112219455 1.0 0.0 0.0 0.0 0.0 0.0 0.0 0.0 0.0 0.0 4.9033 4.9033 4.9033 4.9033
-16.085024197475185 -7.9355201793040315 4.291770573566085 1.0 0.0 0.0 0.0 0.0 0.0 0.0 0.0 0.0 0.0 4.9033 4.9033 4.9033 4.9033
-15.833397242514131 -8.12228272168782 4.301745635910224 1.0 0.0 0.0 0.0 0.0 0.0 0.0 0.0 0.0 0.0 4.9033 4.9033 4.9033 4.9033
-15.576042103114032 -8.301069477139656 4.311720698254365 1.0 0.0 0.0 0.0 0.0 0.0 0.0 0.0 0.0 0.0 4.9033 4.9033 4.9033 4.9033
-15.31321149268419 -8.471704883552581 4.321695760598504 1.0 0.0 0.0 0.0 0.0 0.0 0.0 0.0 0.0 0.0 4.9033 4.9033 4.9033 4.9033
-15.045163501347734 -8.634021383148681 4.331670822942645 1.0 0.0 0.0 0.0 0.0 0.0 0.0 0.0 0.0 0.0 4.9033 4.9033 4.9033 4.9033
-14.772161342506607 -8.787859587014665 4.341645885286783 1.0 0.0 0.0 0.0 0.0 0.0 0.0 0.0 0.0 0.0 4.9033 4.9033 4.9033 4.9033
-14.49447309437542 -8.93306843161606 4.3516209476309236 1.0 0.0 0.0 0.0 0.0 0.0 0.0 0.0 0.0 0.0 4.9033 4.9033 4.9033 4.9033
-14.212371436738513 -9.069505327136069 4.361596009975063 1.0 0.0 0.0 0.0 0.0 0.0 0.0 0.0 0.0 0.0 4.9033 4.9033 4.9033 4.9033
-13.926133383188159 -9.19703629749364 4.3715710723192025 1.0 0.0 0.0 0.0 0.0 0.0 0.0 0.0 0.0 0.0 4.9033 4.9033 4.9033 4.9033
-13.636040009107402 -9.315536111903075 4.381546134663342 1.0 0.0 0.0 0.0 0.0 0.0 0.0 0.0 0.0 0.0 4.9033 4.9033 4.9033 4.9033
-13.342376175664103 -9.424888407846165 4.3915211970074814 1.0 0.0 0.0 0.0 0.0 0.0 0.0 0.0 0.0 0.0 4.9033 4.9033 4.9033 4.9033
-13.04543025008773 -9.52498580533591 4.401496259351621 1.0 0.0 0.0 0.0 0.0 0.0 0.0 0.0 0.0 0.0 4.9033 4.9033 4.9033 4.9033
-12.745493822503082 -9.61573001235982 4.411471321695761 1.0 0.0 0.0 0.0 0.0 0.0 0.0 0.0 0.0 0.0 4.9033 4.9033 4.9033 4.9033
-12.442861419599488 -9.697031921399061 4.4214463840399 1.0 0.0 0.0 0.0 0.0 0.0 0.0 0.0 0.0 0.0 4.9033 4.9033 4.9033 4.9033
-12.137830215416155 -9.76881169692884 4.431421446384041 1.0 0.0 0.0 0.0 0.0 0.0 0.0 0.0 0.0 0.0 4.9033 4.9033 4.9033 4.9033
-11.830699739528182 -9.830998853813963 4.44139650872818 1.0 0.0 0.0 0.0 0.0 0.0 0.0 0.0 0.0 0.0 4.9033 4.9033 4.9033 4.9033
-11.521771582919241 -9.883532326522712 4.45137157107232 1.0 0.0 0.0 0.0 0.0 0.0 0.0 0.0 0.0 0.0 4.9033 4.9033 4.9033 4.9033
-11.21134910183032 -9.926360529090955 4.4613466334164595 1.0 0.0 0.0 0.0 0.0 0.0 0.0 0.0 0.0 0.0 4.9033 4.9033 4.9033 4.9033
-10.899737119874755 -9.95944140577771 4.471321695760599 1.0 0.0 0.0 0.0 0.0 0.0 0.0 0.0 0.0 0.0 4.9033 4.9033 4.9033 4.9033
-10.587241628712649 -9.982742472362338 4.4812967581047385 1.0 0.0 0.0 0.0 0.0 0.0 0.0 0.0 0.0 0.0 4.9033 4.9033 4.9033 4.9033
-10.274169487578012 -9.99624084804289 4.491271820448878 1.0 0.0 0.0 0.0 0.0 0.0 0.0 0.0 0.0 0.0 4.9033 4.9033 4.9033 4.9033
-9.96082812195428 -9.999923277904205 4.501246882793017 1.0 0.0 0.0 0.0 0.0 0.0 0.0 0.0 0.0 0.0 4.9033 4.9033 4.9033 4.9033
-9.647525221693499 -9.993786145933772 4.511221945137158 1.0 0.0 0.0 0.0 0.0 0.0 0.0 0.0 0.0 0.0 4.9033 4.9033 4.9033 4.9033
-9.334568438876193 -9.97783547857251 4.521197007481296 1.0 0.0 0.0 0.0 0.0 0.0 0.0 0.0 0.0 0.0 4.9033 4.9033 4.9033 4.9033
-9.022265085708044 -9.952086938797034 4.531172069825437 1.0 0.0 0.0 0.0 0.0 0.0 0.0 0.0 0.0 0.0 4.9033 4.9033 4.9033 4.9033
-8.710921832750598 -9.916565810739165 4.541147132169576 1.0 0.0 0.0 0.0 0.0 0.0 0.0 0.0 0.0 0.0 4.9033 4.9033 4.9033 4.9033
-8.400844407781756 -9.871306974857845 4.551122194513717 1.0 0.0 0.0 0.0 0.0 0.0 0.0 0.0 0.0 0.0 4.9033 4.9033 4.9033 4.9033
-8.09233729558234 -9.816354873687784 4.561097256857856 1.0 0.0 0.0 0.0 0.0 0.0 0.0 0.0 0.0 0.0 4.9033 4.9033 4.9033 4.9033
-7.78570343894293 -9.7517634681985 4.5710723192019955 1.0 0.0 0.0 0.0 0.0 0.0 0.0 0.0 0.0 0.0 4.9033 4.9033 4.9033 4.9033
-7.481243941185188 -9.677596184806621 4.581047381546135 1.0 0.0 0.0 0.0 0.0 0.0 0.0 0.0 0.0 0.0 4.9033 4.9033 4.9033 4.9033
-7.179257770489174 -9.593925853093419 4.5910224438902745 1.0 0.0 0.0 0.0 0.0 0.0 0.0 0.0 0.0 0.0 4.9033 4.9033 4.9033 4.9033
-6.880041466317584 -9.500834634288836 4.600997506234414 1.0 0.0 0.0 0.0 0.0 0.0 0.0 0.0 0.0 0.0 4.9033 4.9033 4.9033 4.9033
-6.5838888482246185 -9.398413940592098 4.610972568578554 1.0 0.0 0.0 0.0 0.0 0.0 0.0 0.0 0.0 0.0 4.9033 4.9033 4.9033 4.9033
-6.291090727335973 -9.286764345408297 4.620947630922693 1.0 0.0 0.0 0.0 0.0 0.0 0.0 0.0 0.0 0.0 4.9033 4.9033 4.9033 4.9033
-6.001934620782736 -9.165995484588912 4.630922693266833 1.0 0.0 0.0 0.0 0.0 0.0 0.0 0.0 0.0 0.0 4.9033 4.9033 4.9033 4.9033
-5.716704469370125 -9.036225948773422 4.640897755610973 1.0 0.0 0.0 0.0 0.0 0.0 0.0 0.0 0.0 0.0 4.9033 4.9033 4.9033 4.9033
-5.435680358757793 -8.89758316693756 4.650872817955113 1.0 0.0 0.0 0.0 0.0 0.0 0.0 0.0 0.0 0.0 4.9033 4.9033 4.9033 4.9033
-5.1591382444259954 -8.750203281262724 4.660847880299253 1.0 0.0 0.0 0.0 0.0 0.0 0.0 0.0 0.0 0.0 4.9033 4.9033 4.9033 4.9033
-4.887349680697199 -8.594231013449253 4.670822942643392 1.0 0.0 0.0 0.0 0.0 0.0 0.0 0.0 0.0 0.0 4.9033 4.9033 4.9033 4.9033
-4.620581554079715 -8.429819522605012 4.6807980049875315 1.0 0.0 0.0 0.0 0.0 0.0 0.0 0.0 0.0 0.0 4.9033 4.9033 4.9033 4.9033
-4.359095821194704 -8.25713025484865 4.690773067331671 1.0 0.0 0.0 0.0 0.0 0.0 0.0 0.0 0.0 0.0 4.9033 4.9033 4.9033 4.9033
-4.103149251544405 -8.076332784775444 4.7007481296758105 1.0 0.0 0.0 0.0 0.0 0.0 0.0 0.0 0.0 0.0 4.9033 4.9033 4.9033 4.9033
-3.8529931753736744 -7.887604648941108 4.71072319201995 1.0 0.0 0.0 0.0 0.0 0.0 0.0 0.0 0.0 0.0 4.9033 4.9033 4.9033 4.9033
-3.608873236872933 -7.691131171527433 4.720698254364089 1.0 0.0 0.0 0.0 0.0 0.0 0.0 0.0 0.0 0.0 4.9033 4.9033 4.9033 4.9033
-3.371029152964357 -7.487105282360568 4.73067331670823 1.0 0.0 0.0 0.0 0.0 0.0 0.0 0.0 0.0 0.0 4.9033 4.9033 4.9033 4.9033
-3.139694477908675 -7.275727327461033 4.740648379052369 1.0 0.0 0.0 0.0 0.0 0.0 0.0 0.0 0.0 0.0 4.9033 4.9033 4.9033 4.9033
-2.9150963739632516 -7.057204872311087 4.75062344139651 1.0 0.0 0.0 0.0 0.0 0.0 0.0 0.0 0.0 0.0 4.9033 4.9033 4.9033 4.9033
-2.6974553883170955 -6.831752498033063 4.760598503740649 1.0 0.0 0.0 0.0 0.0 0.0 0.0 0.0 0.0 0.0 4.9033 4.9033 4.9033 4.9033
-2.486985236521422 -6.59959159067839 4.7705735660847886 1.0 0.0 0.0 0.0 0.0 0.0 0.0 0.0 0.0 0.0 4.9033 4.9033 4.9033 4.9033
-2.2838925926288276 -6.360950123834624 4.780548628428928 1.0 0.0 0.0 0.0 0.0 0.0 0.0 0.0 0.0 0.0 4.9033 4.9033 4.9033 4.9033
-2.0883768862467846 -6.116062434763553 4.7905236907730675 1.0 0.0 0.0 0.0 0.0 0.0 0.0 0.0 0.0 0.0 4.9033 4.9033 4.9033 4.9033
-1.900630106705087 -5.865168994290611 4.800498753117207 1.0 0.0 0.0 0.0 0.0 0.0 0.0 0.0 0.0 0.0 4.9033 4.9033 4.9033 4.9033
-1.7208366145292082 -5.608516170671152 4.8104738154613464 1.0 0.0 0.0 0.0 0.0 0.0 0.0 0.0 0.0 0.0 4.9033 4.9033 4.9033 4.9033
-1.5491729604050377 -5.346355987665865 4.820448877805486 1.0 0.0 0.0 0.0 0.0 0.0 0.0 0.0 0.0 0.0 4.9033 4.9033 4.9033 4.9033
-1.3858077118124363 -5.078945877062475 4.830423940149626 1.0 0.0 0.0 0.0 0.0 0.0 0.0 0.0 0.0 0.0 4.9033 4.9033 4.9033 4.9033
-1.2309012874981526 -4.806548425887172 4.840399002493767 1.0 0.0 0.0 0.0 0.0 0.0 0.0 0.0 0.0 0.0 4.9033 4.9033 4.9033 4.9033
-1.0846057999504009 -4.529431118553628 4.850374064837906 1.0 0.0 0.0 0.0 0.0 0.0 0.0 0.0 0.0 0.0 4.9033 4.9033 4.9033 4.9033
-0.9470649060298992 -4.247866074202969 4.860349127182046 1.0 0.0 0.0 0.0 0.0 0.0 0.0 0.0 0.0 0.0 4.9033 4.9033 4.9033 4.9033
-0.8184136659040959 -3.9621297794927575 4.870324189526185 1.0 0.0 0.0 0.0 0.0 0.0 0.0 0.0 0.0 0.0 4.9033 4.9033 4.9033 4.9033
-0.6987784104229284 -3.672502817096997 4.8802992518703245 1.0 0.0 0.0 0.0 0.0 0.0 0.0 0.0 0.0 0.0 4.9033 4.9033 4.9033 4.9033
-0.588276617066569 -3.37926959018426 4.890274314214464 1.0 0.0 0.0 0.0 0.0 0.0 0.0 0.0 0.0 0.0 4.9033 4.9033 4.9033 4.9033
-0.48701679458674363 -3.082718043143963 4.900249376558604 1.0 0.0 0.0 0.0 0.0 0.0 0.0 0.0 0.0 0.0 4.9033 4.9033 4.9033 4.9033
-0.395098376455131 -2.7831393788355543 4.910224438902743 1.0 0.0 0.0 0.0 0.0 0.0 0.0 0.0 0.0 0.0 4.9033 4.9033 4.9033 4.9033
-0.3126116232232494 -2.4808277726377406 4.920199501246883 1.0 0.0 0.0 0.0 0.0 0.0 0.0 0.0 0.0 0.0 4.9033 4.9033 4.9033 4.9033
-0.23963753388991726 -2.1760800835790723 4.930174563591023 1.0 0.0 0.0 0.0 0.0 0.0 0.0 0.0 0.0 0.0 4.9033 4.9033 4.9033 4.9033
-0.17624776636312944 -1.8691955628330117 4.940149625935163 1.0 0.0 0.0 0.0 0.0 0.0 0.0 0.0 0.0 0.0 4.9033 4.9033 4.9033 4.9033
-0.12250456709463897 -1.5604755598642774 4.950124688279303 1.0 0.0 0.0 0.0 0.0 0.0 0.0 0.0 0.0 0.0 4.9033 4.9033 4.9033 4.9033
-0.07846070995615229 -1.250223226514464 4.960099750623442 1.0 0.0 0.0 0.0 0.0 0.0 0.0 0.0 0.0 0.0 4.9033 4.9033 4.9033 4.9033
-0.044159444417346094 -0.9387432193180718 4.970074812967582 1.0 0.0 0.0 0.0 0.0 0.0 0.0 0.0 0.0 0.0 4.9033 4.9033 4.9033 4.9033
-0.019634453076417202 -0.6263414003407063 4.980049875311721 1.0 0.0 0.0 0.0 0.0 0.0 0.0 0.0 0.0 0.0 4.9033 4.9033 4.9033 4.9033
-0.004909818585032255 -0.3133245368337648 4.9900249376558605 1.0 0.0 0.0 0.0 0.0 0.0 0.0 0.0 0.0 0.0 4.9033 4.9033 4.9033 4.9033
0.0 -4.898587196589413e-15 5.0 1.0 0.0 0.0 0.0 0.0 0.0 0.0 0.0 0.0 0.0 4.9033 4.9033 4.9033 4.9033
